13864	0.0
31269	0.0
34750	1264.7923766458543
3421	229.02329731337366
27788	0.0
10383	0.0
24307	0.0
6902	0.0
20826	0.0
17345	0.0
4660	0.0
1179	0.0
29027	0.0
11622	0.0
8141	0.0
18584	0.0
15103	1010.1077075399588
22065	0.0
25546	2.838711582588018
32508	0.0
32449	0.0
22006	0.0
1120	54.04997521978059
15044	0.0
11563	0.0
25487	0.0
8082	0.0
4601	0.0
18525	0.0
24661	0.0
7256	0.0
294	0.0
3775	0.0
35104	0.0
14218	0.7974385170069704
10737	0.0
21180	0.0
17699	0.0
31623	0.0
28142	0.0
33629	0.0
2300	0.0
16224	0.0
23186	458.19765140521577
9262	0.0
19705	12.075123868691655
30148	0.0
12743	0.0
3067	2.71897365090149
16991	237.5616620034672
13510	0.0
23953	0.0
30915	0.0
6548	0.0
27434	0.0
34396	0.0
10029	795.5616684431591
29381	0.0
1533	0.0
32862	0.0
5014	0.0
8495	229.0
18938	0.0
22419	0.0
11976	86.39622536167339
25900	0.0
15457	0.0
19941	0.0
30384	0.0
26903	0.0
16460	0.0
6017	0.0
33865	0.0
23422	0.0
766	0.0
21652	0.0
14690	0.0
4247	0.0
7728	0.0
11209	0.0
25133	22.022862779809735
28614	229.0
8318	0.0
25723	1488.5
29204	0.0
4837	3990.337620645916
18761	0.0
32685	0.0
22242	0.0
11799	0.0
15280	0.0
28024	0.0
176	0.0
3657	0.0
24543	0.0
10619	0.0
34986	0.0
14100	186.19378236484772
7138	0.0
21062	0.0
17581	0.0
7079	42.410090085435094
24484	0.0
34927	0.0
117	11314.96137788951
17522	0.0
27965	0.0
31446	0.0
10560	76.343072894314
14041	0.39298003849694074
3598	18.34535289202093
21003	0.0
22950	0.0
19469	0.0
2064	3191.5881431061043
33393	0.0
9026	0.0
15988	0.0
26431	0.0
5545	0.0
29912	0.0
19646	0.0
23127	0.0
2241	0.0
16165	376.39047684991243
30089	0.0
12684	0.0
33570	0.0
26608	0.0
30620	0.0
27139	0.0
2772	0.0
16696	0.0
20177	0.0
23658	428.75433747853225
13215	0.0
9734	0.0
6253	0.0
10206	667.9221361822384
3244	0.0
13687	0.0
17168	0.0
6725	0.0
31092	0.0
24130	0.0
27611	0.0
20649	0.0
1238	0.0
32567	0.0
22124	0.0
4719	730.507668782055
18643	0.0
25605	229.0777986241401
11681	228.8391420394912
15162	0.0
8200	229.0
412	2721.2083113204035
10855	50.07646645299791
24779	0.0
35222	0.0
31741	0.0
7374	4808.542649606919
21298	0.0
3893	0.0
28260	0.0
21888	0.0
1002	0.0
32331	0.0
4483	1671.2585237184264
18407	0.0
11445	0.0
25369	0.0
35812	0.0
28850	0.0
7964	0.0
26549	0.0
16106	0.0
33511	0.0
9144	687.0
12625	0.0
30030	0.0
5663	0.0
23068	0.0
20118	0.0
6194	100.07806819257489
13156	0.0
23599	0.0
27080	0.0
34042	0.0
30561	0.0
2713	3507.1753080915087
16637	0.0
9675	0.0
24248	0.0
20767	0.0
34691	0.372225813402284
17286	0.0
27729	0.0
3362	60.470433731792994
13805	0.0
31210	0.0
6843	0.0
10324	0.0
32036	0.0
21593	0.0
18112	0.0
11150	0.0
4188	20.59384480437499
707	0.0
35517	0.0
14631	0.0
25074	0.0
7669	0.0
5250	0.0
15693	0.0
8731	0.0
33098	0.0
12212	0.0
1769	324.90144577273736
29617	240.887982153146
22655	0.0
26136	0.0
10442	0.0
27847	0.0
24366	0.0
3480	714.7306540341067
34809	0.0
17404	0.0
20885	0.0
31328	0.0
13923	8.61757560339182
16047	0.0
5604	0.0
23009	0.0
26490	0.0
19528	0.0
2123	0.0
33452	0.0
9085	0.0
29971	0.0
19410	0.0
29853	0.0
26372	0.0
12448	0.0
2005	0.05128205128205128
15929	0.0
8967	0.0
33334	0.0
22891	0.0
5486	0.0
8908	0.0
29794	0.0
1946	229.0
33275	0.0
12389	79.92056780431206
22832	0.0
15870	0.0
19351	0.0
7197	526.9565597212187
21121	0.0
31564	0.0
3716	0.0
28083	459.736045943304
24602	0.0
235	4627.366474059195
10678	0.0
17640	0.0
14159	223.20853726443096
13038	0.0
30443	0.0
9557	0.0
16519	0.0
2595	0.0
26962	0.0
20000	0.0
33924	0.4176822896143383
17463	229.0
13982	0.0
3539	0.0
20944	0.0
34868	0.0
58	90.31824185453483
31387	0.0
10501	0.0
7020	0.0
27906	0.0
11091	0.0
25015	0.0
14572	0.0
28496	0.0
31977	0.0
21534	0.0
648	0.0
7610	0.10360139520515785
4129	0.0
2418	0.0
30266	0.0
9380	0.0
33747	0.0
19823	0.0
16342	0.3245529967506139
23304	0.0
5899	14.991077095265393
16873	0.0
34278	0.0
6430	0.0
30797	0.0
23835	0.0
2949	2913.2361152345943
13392	0.0
27316	0.0
20354	229.81969054699624
12094	0.0
15575	0.0
5132	0.0
29499	0.0
19056	0.0
1651	0.0
32980	0.0
22537	229.0
26018	0.0
8613	0.0
7315	4.580941429635642
17758	0.0
353	0.0
3834	47.68595642620606
35163	0.3645376032472807
31682	0.0
10796	0.0
21239	0.0
24720	0.0
28201	0.0
8377	0.0
11858	0.0
29263	0.0
1415	10243.860226822053
32744	0.0
22301	0.0
15339	0.0
18820	0.0
25782	229.0
30974	0.0
6607	169.61604859929022
27493	0.0
34455	0.0
24012	0.0
3126	171.63019036448122
13569	0.0
17050	7.310716760615961
20590	0.0
24071	0.0
27552	0.0
34514	0.0
31033	0.0
6666	0.0
3185	0.0
17109	0.0
13628	0.0
10147	4.755479167688497
31918	0.0
21475	0.0
11032	80.32280095370108
28437	0.0
24956	0.0
35399	0.0
589	936.5357251731631
4070	133947.2137646935
17994	0.0
14513	0.0
24838	0.0
10914	0.0
21357	0.0
28319	0.0
14395	0.0
471	330.6059428904186
35281	0.0
31800	0.0
7433	5.589235130857803
17876	0.0
30738	0.0
34219	0.0
27257	0.0
6371	0.0
9852	0.0
23776	0.0
2890	29.767383821455017
16814	0.0
13333	0.0
20295	0.0
34160	0.0
20236	0.0
13274	0.0
9793	0.0
23717	0.0
6312	3605.379396370495
2831	0.0
27198	0.0
30679	0.0
16755	26.93162806217858
11740	0.0
18702	201.07497641847306
4778	0.0
32626	0.0
8259	0.0
29145	0.0
22183	0.0
1297	250.56065984881425
25664	0.0
12802	0.0
33688	0.0
23245	0.0
19764	0.0
26726	29.402883880516285
16283	0.0
9321	0.0
30207	0.0
5840	0.0
2359	0.0
8023	0.0
4542	0.36379162589035935
32390	0.0
28909	0.0
14985	0.0
25428	0.0
1061	0.0
31859	0.0
21416	0.0
7492	229.0
14454	0.0
35340	0.0
530	757.1170698725462
24897	0.0
28378	0.0
4011	1367.6011644910686
8849	0.0
29735	0.0
15811	0.0
26254	0.0
12330	0.0
5368	0.0
19292	1.3923853103350203
22773	0.0
1887	0.0
33216	0.0
8672	0.0
15634	0.0
5191	0.0
29558	0.0
26077	0.0
33039	51.249350200431806
19115	0.0
22596	0.0
12153	0.0
1710	0.0
27375	0.0
13451	0.0
20413	0.0
34337	0.0
16932	0.0
6489	0.0
23894	0.0
3008	275.761142877528
9970	0.0
8790	0.0
19233	0.0
22714	0.0
33157	0.0
26195	0.0
5309	0.0
15752	0.0
29676	0.0
12271	0.10709219858156029
1828	0.0
11917	0.0
25841	0.0
15398	0.0
29322	0.0
4955	64.13726831635692
32803	0.0
8436	0.0
18879	0.0
1474	0.0
4306	458.0
35635	0.0
14749	0.0
28673	0.0
25192	0.0
21711	0.0
825	0.0
11268	0.0
7787	0.0
10265	0.0
27670	0.0
24189	0.0
6784	0.0
20708	0.0
13746	0.0
31151	0.0
3303	0.0
32272	0.0
25310	0.0
35753	0.0
18348	0.0
943	86.08232636410531
14867	0.0
21829	0.0
33806	0.0
5958	817.3125333448443
16401	311.77882188067025
12920	0.0
9439	0.0
23363	0.0
26844	0.0
30325	0.0
2477	0.0
19882	0.0
35694	0.0
7846	0.0
21770	0.0
4365	23.855983589608655
18289	0.0
11327	833.9620773671991
28732	0.0
884	598.0010135585092
13097	0.0
9616	0.0
20059	0.0
33983	0.0
30502	0.0
16578	0.0
27021	0.0
2654	203.98702083633563
6135	0.13194372209639385
23540	0.0
18997	3.4727075112693258
25959	0.0
32921	0.0
12035	0.0
29440	0.0
8554	0.0
15516	0.0
1592	3.660443830642198
5073	15.793344382810888
22478	0.0
