29898	0.0
5531	0.0
2050	19.88887625961099
12493	0.0
33379	0.0
26417	0.0
9012	0.0
22936	0.0
33733	0.0
16328	0.0
30252	0.0
9366	0.0
23290	76.33333333333333
19809	0.0
5885	483.82396575993585
26771	0.0
12847	0.0
23408	0.0
2522	0.0
12965	0.0
33851	0.0
6003	651.4040058635348
19927	0.0
26889	0.0
16446	0.0
221	0.0
17626	0.0
10664	0.0
14145	0.0
7183	32.71428571428565
21107	0.0
3702	0.0
28069	687.0
3407	0.0
6888	0.0
34736	458.0
10369	18.887236462531796
24293	0.0
31255	0.0
27774	572.5
13850	0.0
20812	0.0
398	346.088214570414
14322	0.0
24765	0.0
7360	0.0
28246	0.0
3879	1086.7712152705606
21284	0.0
17803	0.0
10841	0.0
33615	0.0
2286	0.0
19691	8.50196658717551
26653	0.0
16210	0.0
12729	917.1254290002993
30134	0.0
5767	0.0
2109	9090.048349358467
16033	0.0
19514	58.39354999345651
26476	0.0
5590	0.0
9071	0.0
33438	0.0
22995	0.0
29957	0.0
8186	0.0
1224	522.8762854110206
29072	0.0
22110	0.0
18629	0.0
4705	0.0
32553	0.06498006191050096
15148	0.0
25591	0.0
11667	0.0
15325	0.0
4882	0.0
29249	1.2358974358974357
1401	0.0
8363	0.0
11844	280.2692675807602
22287	0.0
25768	0.0
18806	0.0
32730	0.0
811	0.0
11254	0.0
35621	4.184462052370035
21697	0.0
32140	0.0
7773	0.0
4292	0.0
14735	0.0
28659	0.0
25178	0.0
3230	269.83048532945537
20635	0.0
17154	0.39215686274509803
13673	0.0
24116	0.0
31078	0.0
10192	0.0
6711	0.0
103	0.05470150416958927
7065	0.0
20989	0.0
17508	35.603165104232325
27951	0.0
10546	508.6884508279763
3584	0.0
31432	0.0
34913	0.0
24470	0.0
14027	0.0
25827	0.0
32789	0.0
15384	0.0
8422	0.0
18865	458.0
11903	0.0
1460	451.7615676495265
22346	0.0
21933	0.0
4528	0.0
1047	3019.240609298422
32376	0.0
8009	0.0
28895	0.0
18452	0.0
25414	0.0
14971	0.0
11490	0.0
21520	0.0
14558	0.0
7596	0.0
4115	0.0
31963	0.0
25001	0.0
634	0.0
28482	0.0
35444	0.0
16092	0.0
23054	0.0
2168	0.0
19573	0.0
9130	570.0844536803464
30016	0.0
12611	0.0
5649	0.0
26535	0.0
13732	0.0
27656	0.0
3289	319.10042377052395
10251	0.0
24175	0.0
6770	51.32138427484381
12316	0.0
33202	0.0
29721	0.0
1873	10.93344458185162
19278	0.0
26240	0.0
8835	0.0
26181	0.0
1814	0.0
15738	0.0
5295	0.0
12257	0.0
19219	0.0
33143	0.0
8776	0.0
22700	0.0
2699	0.0
27066	0.0
6180	0.0
9661	1183.202468369158
30547	0.0
16623	0.0
20104	0.0
13142	0.0
23585	0.0
15207	0.0
4764	1106.0041532491991
1283	0.0
8245	0.0
22169	0.0
29131	0.0
11726	0.0
25650	0.0
32612	0.0
29839	0.0
26358	0.0
15915	0.0
22877	0.0
33320	0.0
12434	6.842347882393415
1991	0.0
8953	460.6248803773306
19396	0.0
5472	35.83322250522513
1519	0.0
15443	0.0
32848	0.0
29367	0.0
25886	0.0
11962	0.0
5000	1.5
8481	0.0136986301369863
22405	0.0
18924	0.0
22818	0.0
12375	0.0
8894	0.0
29780	0.0
1932	0.0
15856	0.0
26299	0.0
33261	0.0
19337	0.08333333333333333
30193	0.0
5826	0.0
16269	0.0
2345	1258.8525967102744
19750	2.159933674155773
33674	0.0
9307	0.0
26712	0.0
12788	0.0
23231	0.0
7124	0.0
28010	0.0
31491	0.0
10605	0.0
162	279.7103847598131
21048	0.0
14086	0.0
24529	0.0
3643	5307.812357353789
17567	0.0
34972	0.0
1755	0.0
15679	10.119746763277728
29603	0.0
8717	0.0
12198	0.0
22641	0.0
26122	0.0
15620	0.0
12139	0.0
33025	0.0
5177	0.0
22582	0.0
1696	0.0
29544	0.0
26063	0.0
19101	0.0
8658	0.0
10428	0.0
6947	0.0
34795	0.0
27833	0.0
3466	0.0
20871	0.0
13909	0.0
31314	0.0
17390	0.0
27420	0.0
20458	0.0
23939	0.0
16977	0.14638846433978278
10015	8271.627023509833
34382	0.0
13496	229.14918699744234
6534	0.0
30901	0.0
14440	0.0
21402	0.0
24883	0.0
35326	0.0
3997	36.70607562334309
17921	0.0
516	374.1906201223406
31845	0.0
10959	0.0
7478	0.0
4646	687.295273892247
29013	0.0
25532	0.0
15089	0.0
8127	0.0
1165	0.0
22051	0.0
18570	0.0
10900	0.0
3938	0.0
21343	0.0
7419	0.0
35267	0.0
457	0.0
28305	0.0
17862	0.0
14381	227.38444294754655
17685	0.0
3761	0.0
14204	0.0
31609	0.0
7242	1470.3845273040058
10723	11.83878486012556
24647	0.0
35090	0.0
21166	0.0
280	0.0
19042	0.0
12080	0.0
5118	0.0
8599	0.0
15561	0.0
29485	0.0
32966	0.0
1637	0.0
26004	0.0
22523	0.0
25060	0.0
11136	0.0
21579	0.0
18098	0.0
693	1896.900450671993
32022	0.0
14617	0.0
4174	2561.797877603059
9425	0.0
5944	0.0
16387	0.0
33792	0.0
12906	4087.8668060892537
26830	0.0
23349	0.0
19868	0.0
11785	0.0
22228	0.0
15266	0.0
32671	0.0
4823	0.0
1342	10301.85961293084
8304	0.0
29190	0.0
25709	0.0
34146	0.0
9779	0.0
13260	0.0
16741	0.0
2817	0.0
20222	0.0
23703	0.0
30665	0.0
6298	0.0
20399	0.0
16918	0.0
23880	0.24149483629760696
13437	0.0
2994	3.853996153528397
34323	0.0
30842	0.0
20930	0.0
17449	0.0
10487	62.52646640176939
3525	0.0
34854	0.0
13968	0.0
44	0.0
27892	0.0
31373	0.0
21638	0.0
14676	0.0
32081	0.0
25119	0.0
7714	0.0
28600	23.47929413636833
18157	0.0
752	0.0
4233	0.0
11195	603.7753618900131
4469	4.5544304462711755
32317	1.2801307083112705
18393	0.0
11431	0.0
7950	381.66666666666754
28836	0.0
25355	0.0
35798	0.0
988	0.0
21874	0.0
14912	0.0
15030	61.341365891493105
32435	0.0
18511	0.0
21992	0.0
11549	0.0
8068	0.0
4587	0.0
28954	0.0
25473	0.0
1106	0.0
16859	0.0
20340	0.0
13378	0.0
6416	0.0
23821	0.0
30783	8.788248597690385
9897	0.0
34264	0.0
2935	575.6429455112017
27302	0.0
30075	0.0
12670	258.55073119024144
33556	0.0
23113	912.1565566114535
16151	0.0
9189	0.0
19632	0.0
2227	4641.989462328788
31904	0.0
35385	0.0
11018	0.0
28423	0.0
14499	0.0
24942	0.0
4056	0.0
7537	0.0
575	49086.338677693486
21461	0.0
21225	0.0
24706	0.0
14263	0.0
17744	0.0
10782	229.0
339	171.1707620037762
31668	0.0
28187	0.0
3820	7340.525264008567
7301	1121.2891838476367
5059	0.0
18983	0.0
8540	0.0
15502	0.8954355005724869
22464	0.0
32907	0.0
1578	25089.119749123023
29426	0.0
12021	0.0
34087	0.0
27125	0.0
6239	0.0
16682	0.0
20163	0.0
30606	0.0
2758	2851.5961662322647
23644	101.11896615674324
9720	0.0
13319	0.8002719927050911
23762	0.0
9838	0.0
20281	0.0
16800	0.37762101594875475
6357	325.78669567791104
27243	0.0
34205	0.0
2876	2.041001759339448
30488	0.0
16564	0.0
13083	0.0
33969	0.0
23526	0.0
9602	0.0
20045	0.0
6121	20.841187889182166
2640	3497.5510091366173
35739	0.0
11372	0.0
32258	0.0
18334	0.0
25296	0.0
14853	0.0
4410	435.0011635739166
21815	0.0
929	0.0
28777	0.0
24057	0.0
31019	0.0
10133	6550.253371553402
34500	0.0
17095	0.0
13614	0.1897423931100055
20576	0.0
27538	0.0
6652	0.0
3171	0.0
13555	0.0
23998	0.0
30960	0.0
10074	2977.0
17036	66.67364989068153
3112	346.0531060218871
6593	0.0
16505	229.0
13024	1154.3708954649358
30429	0.0
26948	0.0
6062	73.23390369945571
23467	0.0
19986	0.0
33910	0.0
2581	0.0
35680	0.0
4351	2079.9386393230084
7832	0.0
25237	0.0
21756	0.0
11313	0.0
32199	0.0
28718	0.0
14794	0.0
18275	0.0
870	0.0
31196	0.0
13791	0.0
6829	0.0
20753	0.8196905469961837
10310	0.0
24234	0.0
17272	0.0
27715	0.0
3348	0.0
34677	0.0
