603	32.741987765183524
31932	0.0
14527	0.0
11046	0.0
18008	0.0
21489	0.0
28451	229.59376074674526
4084	0.0
24970	0.0
7565	0.0
35413	0.0
23731	0.0
13288	0.0
2845	0.0
16769	54.6111215126472
34174	0.0
27212	0.0
6326	0.0
30693	0.0
9807	0.0
20250	0.0
131	5081.391030664459
7093	0.0
24498	0.0
17536	0.0851063829787234
27979	0.0
10574	89.0045357815561
14055	0.0
3612	981.719611031091
21017	0.0
1252	428.7815685607787
8214	0.0
29100	0.0
32581	0.0
22138	0.0
15176	0.0
18657	0.0
4733	0.0
11695	0.0
25619	0.0
26740	0.0
12816	0.0
16297	0.0
2373	0.0
5854	0.0
30221	10.703290811353167
19778	0.0
23259	0.0
9335	321.646181337109
3022	0.0
30870	0.0
16946	0.0
34351	0.0
20427	0.0
13465	895.9803161011204
23908	0.0
27389	0.0
9984	0.0
6503	309.74711209158886
662	0.0
4143	0.0
31991	0.0
21548	0.0
35472	0.0
11105	0.0
28510	0.0
7624	16.996915468008098
14586	44.77408016387464
25029	0.0
33525	0.0
9158	0.0
16120	0.0
30044	0.0
12639	0.0
23082	0.0
18480	0.0
32404	0.0
4556	0.0
28923	0.0
8037	0.0
1075	0.0
14999	0.0
21961	0.0
25442	0.0
367	73037.49275303169
21253	0.0
17772	0.0
35177	0.0
7329	0.0
14291	0.0
28215	229.0
10810	0.0
3848	261.4465658121236
1783	0.0
8745	0.0
26150	0.0
5264	0.0
12226	0.0
15707	884.0093658794134
22669	0.0
19188	0.0
27802	0.0
3435	0.0
6916	0.0
24321	0.0
34764	0.0
17359	0.0
10397	131.0041627912192
31283	0.0
13878	0.0
20840	0.0
6031	297.3575977001513
2550	0.0
16474	18.525475470799936
26917	0.0
23436	0.0
30398	0.0
9512	0.0
13	0.0
6975	742.8357047197841
17418	0.5887762707441608
31342	0.0
27861	0.0
24380	0.0
20899	0.0
34823	0.0
10456	0.0
13937	0.0
6739	0.0
17182	0.0
10220	35.019646236443215
24144	0.0
3258	0.0
31106	0.0
20663	0.0
34587	0.0
13701	0.0
9689	0.0
6208	0.0
16651	0.0
2727	18503.87847066206
23613	0.0
20132	0.0
27094	0.0
30575	0.0
7388	458.0
10869	40.164830319248495
21312	0.0
24793	0.0
426	93165.05279171745
31755	0.0
3907	1072.3887274021013
17831	79.6828906142172
35236	0.0
28274	0.0
32050	0.0
11164	0.0
18126	0.0
721	1810.7782148637202
21607	0.0
14645	0.0
25088	0.0
4202	1603.0
35531	215.68840087574958
7683	0.0
28569	0.0
33820	0.0
19896	0.0
2491	0.0
12934	57.5074526689116
9453	47.37774686895926
5972	0.0
26858	0.0
30339	0.0
16415	0.0
8922	0.0
26327	0.0
12403	458.0
15884	0.0
1960	0.0
5441	0.0
22846	0.0
19365	0.0
29808	0.0
33289	238.59183976467025
20722	0.0
10279	0.0
6798	0.0
27684	0.0
3317	12.52105042749671
34646	0.0
17241	43.13839679236028
24203	0.0
13760	276.2743227683648
31165	0.0
3789	367.1318353465872
17713	0.0
7270	0.0
24675	0.0
308	4.912303333058163
21194	0.0
14232	0.0
28156	0.0
30280	0.0
9394	0.0
19837	0.0
26799	0.0
33761	0.0
23318	0.0
16356	0.0
2432	0.0
12875	0.0
5913	67.44720002089637
20368	0.0
13406	0.0
30811	0.0
2963	0.0
9925	0.0
27330	0.0
34292	0.0
23849	76.33333333333333
16887	0.0
35708	0.0
7860	0.0
18303	0.0
898	0.0
21784	0.0
4379	0.0
32227	0.0
28746	0.0
11341	0.0
14822	0.0
12757	0.0
19719	0.0
16238	0.0
33643	0.37246471362040334
9276	0.0
2314	0.0
26681	0.0
23200	0.0
5795	0.0
30162	0.0
4320	461.0426992628388
35649	0.0
7801	0.0
32168	0.0
28687	5.058656071976261
21725	0.0
839	0.0
25206	0.0
14763	0.0
25855	0.0
8450	0.0
4969	326.18416625392183
29336	0.0
1488	1270.1196128383049
22374	0.0
15412	0.0
11931	8.418893481059568
32817	0.0
19129	0.0
15648	0.0
22610	0.0
29572	0.0
8686	0.0
1724	0.0
12167	156.2410252997863
5205	0.0
26091	1087.75
33053	0.0
32640	0.0
22197	0.0
29159	0.0
1311	2818.4258860674468
25678	0.0
15235	0.0
18716	0.0
8273	0.0
11754	0.0
4792	953.8854815224837
26268	0.0
15825	0.0
12344	0.0
29749	0.0
1901	0.0
19306	0.0
22787	0.0
8863	0.0
33230	0.0
14114	0.0
21076	0.0
24557	0.0
190	26927.086264369223
28038	2.9543830959123314
7152	0.0
31519	0.0
17595	1.0126934368313678
3671	1056.9254867267489
10633	0.0
20486	0.0
13524	85.04189098355062
23967	0.0
10043	0.0
30929	0.0
3081	120.76759550052869
27448	0.0
17005	0.0
34410	0.0
16710	0.0
34115	0.0
13229	0.0
6267	0.0
30634	0.0
2786	0.0
27153	0.0
18775	0.0
11813	0.0
29218	0.0
25737	0.0
22256	0.0
1370	2466.668005547117
4851	0.0
32699	0.0
15294	0.0
8332	0.0
21371	0.0
3966	0.0
24852	0.0
10928	58.06545274341751
31814	0.0
7447	0.0
35295	0.0
14409	916.0
485	5228.142256882455
17890	0.0
4674	0.12243673050615594
8155	6.597458912195387
22079	0.0
32522	0.0
1193	0.0
25560	0.0
11636	806.9992655501079
18598	0.0
15117	0.0
26209	0.0
8804	0.0
12285	0.0
22728	0.0
1842	0.0
19247	0.0
5323	0.0
33171	0.0
15766	0.0
19011	0.0
8568	0.0
25973	0.0
22492	0.0
1606	793.7193844515564
15530	0.0
12049	213.56658249622262
5087	0.0
32935	0.0
34882	0.0
24439	0.0
17477	0.0
20958	0.0
3553	0.0
27920	0.0
72	9.59406939301386
31401	0.0
13996	2.0
27271	0.0
13347	0.0
16828	91.99468152218574
30752	0.0
20309	0.0
34233	0.0
6385	0.0
2904	0.0
9866	114.5
23790	0.0
18421	0.0
32345	0.0
25383	0.0
11459	0.0
1016	4.960939086030668
21902	0.0
28864	0.3417629519532569
26504	0.0
19542	0.0
29985	0.0
5618	0.0
9099	0.0
16061	0.0
23023	0.0
2137	5.566178390666881
10692	0.0
7211	3431.152128570588
17654	0.0
3730	0.0
31578	0.0
21135	0.0
28097	0.0
24616	0.0
14173	0.0
249	7643.918572611094
12698	0.0
23141	0.0
30103	229.0
9217	0.0
33584	0.0
19660	0.0
16179	0.0
26622	0.0
2255	21.33542302119869
13642	0.0
6680	0.0
10161	0.0
17123	0.0
20604	0.0
3199	0.0
31047	0.0
34528	0.0
24085	0.0
27566	0.0
27507	0.0
6621	0.0
30988	0.0
24026	0.0
13583	0.0
34469	0.0
10102	0.0
3140	0.0
20545	0.0
17064	0.0
33997	0.0
30516	0.0
23554	0.0
20073	0.0
13111	10.231728628541692
9630	0.0
2668	0.0
6149	916.9303778824715
16592	0.0
18539	0.0
32463	0.0
28982	0.0
11577	0.0
8096	687.0
22020	0.0
25501	0.0
15058	0.0
4615	0.0
1134	0.0
13819	0.0
17300	0.0
24262	0.0
20781	0.0
31224	0.0
27743	229.0
3376	89.68456999995018
10338	0.0
6857	0.0
29926	0.0
5559	0.0
22964	0.0
16002	0.0
12521	0.0
26445	0.0
19483	0.0
2078	0.0
33407	0.0
9040	0.0
32109	0.0
21666	0.0
25147	0.0
7742	0.0
14704	0.0
780	4745.874311814558
11223	0.0
4261	0.0
18185	0.0
29513	39.56837795380093
32994	0.0
8627	0.0
15589	0.0
12108	0.0
22551	0.0
26032	0.0
19070	0.0
1665	0.0
23495	0.0
26976	1183.166666666666
20014	60.389261975560984
6090	0.0
30457	0.0
9571	0.0
13052	0.0
33938	0.0
16533	209.2610176020259
5028	1303.0364529307592
18952	0.0
8509	0.0
25914	0.0
22433	17.9159933425909
1547	120.91071552063305
11990	0.0
15471	0.0
29395	0.0
21843	0.0
18362	0.0
14881	0.0
25324	0.24827607556440506
28805	0.6511091473031402
32286	0.0
4438	0.0
957	0.0
11400	0.0
7919	687.0
29277	0.0
15353	0.0
18834	0.0
22315	0.0
25796	75.55276894951557
32758	0.0
1429	3189.333562279638
8391	0.0
29867	0.0
33348	0.0
8981	0.0
15943	0.0
19424	0.0
22905	0.0
12462	0.0
5500	0.0
2019	0.0
26386	0.0
24911	0.0
21430	0.0
4025	951.3993168334223
28392	0.0
7506	0.0
14468	0.0
31873	0.0
10987	0.0
544	2591.9323000114086
