3216	10580.684328705507
6697	0.0
20621	0.0
27583	1005.7300704243835
10178	0.0
13659	0.0
24102	0.0
34545	0.0
9057	0.0
2095	0.0
5576	0.0
29943	0.0
19500	0.0
26462	0.0
16019	0.0
33424	0.0
21034	0.0
3629	0.0
31477	0.0
10591	652.3664094017745
17553	0.0
7110	0.0
14072	0.0
24515	0.0
27996	0.0
1741	1189.7891086395355
22627	0.0
33070	230.9519320524871
8703	687.0
15665	0.0
29589	0.0
26108	0.0
12184	0.0
5222	0.0
22686	0.0
19205	0.0
5281	308.1406020579557
1800	0.0
15724	0.0
8762	0.0
33129	0.0
12243	0.0
26167	229.11937557392102
29648	0.0
19913	0.0
2508	0.0
5989	0.0
12951	0.0
26875	0.0
16432	0.0
23394	0.0
30356	0.0
1210	1872.794127372706
32539	0.0
4691	8.883913804896283
8172	0.0
25577	0.0
22096	0.0
18615	0.0
11653	0.0
29058	0.0
27937	0.0
89	0.0
34899	0.0
24456	0.0
10532	0.0
31418	0.0
17494	78.34451001519847
3570	244.32480802729097
14013	0.0
20975	0.0
18792	1.8195132009921042
11830	0.0
1387	651.5241851176263
22273	0.0
8349	0.0
15311	0.0
25754	0.0
32716	0.0
29235	0.0
35076	0.0
17671	0.0
7228	0.0
3747	0.0
266	14116.79916833018
14190	0.0
28114	0.0
21152	0.0
31595	0.0
207	0.0
35017	0.0
28055	0.0
14131	0.0
7169	10.447510436062897
21093	0.0
3688	0.0
17612	0.0
10650	5263.097990904153
24574	0.0
2980	0.0
23866	539.7569481484945
16904	0.0
13423	243.0334661580539
20385	0.0
6461	0.9872141007121971
34309	0.0
30828	0.0
30297	0.0
2449	3572.944930100491
5930	17.47140594563059
16373	0.0
9411	0.0
23335	0.0
19854	0.0
12892	0.0
33778	0.0
26816	0.0
28468	0.0
620	6721.274029966775
21506	0.0
35430	0.0
24987	0.0
14544	0.0
18025	0.24860696359152729
7582	0.0
4101	30.67848586402318
31949	0.0
384	0.0
35194	0.0
31713	0.0
21270	0.0
10827	0.0
24751	0.0
7346	0.0
17789	0.0
28232	0.0
3865	5.381608130858027
14308	0.0
7464	988.0711083402596
502	0.0
31831	0.0
3983	0.0
14426	0.0
17907	0.0
21388	0.0
35312	0.0
24869	1.5789653159963661
28350	0.0
30120	0.0
5753	0.0
2272	0.0
16196	0.0
12715	0.0
19677	0.0
23158	0.0
26639	0.0
9234	0.0
20208	0.0
2803	90.53573493725581
6284	0.0
30651	0.0
34132	0.0
23689	0.0
27170	0.0
9765	0.0
13246	0.0
16727	229.0
15252	0.0
1328	0.0
29176	0.0
25695	229.0
18733	0.0
22214	0.0
11771	0.0
8290	0.0
32657	0.0
4809	0.0
20739	0.0
13777	0.0
3334	96.74767580025258
10296	0.0
27701	357.34244225261966
17258	0.0
31182	0.0
5694	0.0
16137	23.204375525512617
2213	0.0
23099	229.0
19618	0.0
12656	0.0
33542	0.0
30061	1319.0020848342801
9175	0.0
33365	0.0
29884	0.0
2036	609.2537068670727
12479	0.0
8998	0.0
22922	0.0
26403	0.0
15960	0.0
7936	572.5
4455	4.165585081986954
974	0.4722506868305034
32303	1.5913628945955898
28822	0.0
14898	0.0
25341	0.0
35784	0.0
21860	0.0
10001	0.0
30887	0.0
16963	0.0
3039	8.262460674990715
20444	0.0
13482	0.0
23925	0.0
6520	0.0
27406	0.0
34368	0.0
21211	0.0
325	361.23378642770945
17730	0.0
7287	0.0
31654	0.0
35135	0.0
10768	0.0
24692	0.0
3806	236.24196293082025
23217	0.0
16255	0.0
33660	0.0
26698	0.0
12774	0.0
2331	0.0
19736	0.0
30179	0.0
9293	16.161013735326353
5458	0.0
19382	0.0
29825	0.0
1977	0.0
15901	0.0
33306	0.0
22863	0.0
26344	0.0
12420	0.0
11594	0.0
1151	1472.6505522544996
4632	0.0
8113	0.0
15075	0.0
18556	62.04370840526845
32480	0.0
22037	0.0
25518	1374.0
8054	0.0
25459	404.8852381258873
21978	0.0
1092	114.5
11535	0.0
32421	0.0
4573	28.968119348965093
15016	0.0
28940	0.0
2744	0.0
13187	0.0
34073	0.0
30592	0.0
27111	0.0
9706	0.0
23630	0.0
6225	0.0
13600	8.40997247432178
31005	0.0
3157	31.964022929211406
20562	0.0
17081	0.0
34486	0.0
24043	0.0
6638	0.0
27524	0.0
10119	0.0
7641	0.0
4160	144.84277667021416
679	0.0
25046	0.0
18084	0.0
21565	0.0
14603	0.0
12066	229.66853479986477
22509	0.0
5104	0.0
15547	0.0
8585	0.0
1623	3381.6527230790944
29471	0.0
19028	0.0
25990	0.0
35371	0.0
28409	59.67526897096881
17966	0.0
31890	0.0
24928	19.775462445999437
14485	687.0
21447	0.0
11004	0.0
561	1151.7720004451603
7523	0.0
4042	0.0
18969	0.0
29412	0.0
1564	1611.6830287799435
15488	0.0
8526	316.980717443956
32893	0.0
5045	0.0
25931	0.0
12007	0.0
7700	0.0
28586	0.0
738	91.533145973027
4219	0.0
14662	0.0
18143	0.0
11181	3202.787218569704
35548	0.5166103603603603
32067	0.0
21624	0.0
25105	0.0
33247	0.0
26285	0.0
8880	0.0
5399	0.0
1918	0.0
19323	0.0
22804	0.0
15842	0.0
29766	0.0
12361	0.0
16609	266.37481668543654
30533	0.0
34014	0.0
9647	4393.577351383734
13128	0.0
2685	167.34770939355062
23571	0.0
20090	0.0
6166	678.2342368574025
33955	0.0
26993	0.0
20031	0.0
23512	0.0
16550	0.0
30474	0.0
13069	270.91106925623285
9588	0.0
2626	0.0
6107	1.6319029045309879
26934	0.0
23453	0.0
13010	1948.3035862626189
30415	458.0
19972	0.0
33896	0.0
2567	249.93806783068158
6048	15.065768283877132
16491	0.0
9529	0.0
19795	0.0
16314	0.0
9352	0.0
30238	0.0
26757	0.0
12833	0.0
5871	3.5893593292835355
2390	0.0
23276	0.0
28291	0.0
3924	692.0864129858744
7405	0.0
443	0.0
24810	0.0
14367	0.0
35253	0.0
10886	0.0
21329	0.0
6992	0.0
24397	458.0
20916	0.0
31359	0.0
27878	0.0
17435	0.0
30	0.0
13954	0.0
34840	0.0
27819	0.0
20857	0.0
6933	0.0
3452	0.0
34781	0.0
17376	0.0
24338	0.0
31300	0.0
13895	0.0
10414	0.0
35607	0.0
32126	0.0
28645	0.0
4278	0.0
797	3.4544603772108338
14721	0.0
7759	0.0
11240	0.0
25164	0.0
18202	0.0
21683	0.0
21919	0.0
4514	0.0
28881	0.0
14957	0.0
1033	4153.966055900311
32362	0.0
11476	0.0
7995	229.0
34722	0.0
6874	1036.9786826974346
17317	0.0
27760	0.0
31241	0.0
10355	0.0
3393	8152.144318327584
24279	0.0
20798	0.0
12597	0.0
33483	0.0
16078	4.756287961249757
9116	1624.52477706186
26521	0.0
19559	0.0
30002	0.0
5635	0.0
2154	0.0
29353	0.0
18910	0.0
22391	0.0
8467	0.0
11948	0.0
25872	0.0
15429	0.0
1505	0.0
18674	0.0
4750	602.5835773716104
11712	0.0
32598	0.0
25636	0.0
15193	0.0
1269	0.0
16845	0.0
20326	0.0
9883	0.0
23807	0.0
13364	1030.5
27288	0.0
6402	0.0
30769	0.0
34250	0.0
2921	1.5750503228016914
25813	460.0307040513534
11889	458.0
15370	0.0
22332	0.0
32775	0.0
8408	916.7027886082112
1446	0.8663326624634413
11358	0.0
25282	0.0
7877	313.52664535217804
28763	348.72336222689455
21801	0.0
14839	0.0
4396	28.937847630571227
32244	0.0
915	0.0
35725	0.0
7818	0.0
21742	0.0
11299	10111.53099527171
4337	0.0
25223	0.0
14780	0.0
28704	0.0
856	0.0
32185	0.0
35666	0.0
26049	0.0
5163	0.0
22568	0.0
8644	10.909472434878385
12125	0.0
19087	0.0
1682	0.0
33011	0.0
15606	0.0
29530	0.0
20503	0.0
23984	0.0
30946	0.0
27465	0.0
34427	0.0
17022	1.5189242299248418
6579	0.0
13541	450.43099583789046
3098	230.35321775601028
31123	0.0
27642	0.0
34604	0.0
24161	0.0
17199	99.44316804708328
20680	0.0
3275	174.7620318846612
10237	0.0
6756	45.80940787128952
22745	0.0
33188	0.0
8821	0.0
26226	0.0
15783	0.0
5340	0.0
1859	14.037266507801142
12302	0.0
19264	0.0
29707	0.0
9824	0.0
16786	806.136527742199
30710	0.0
27229	0.0
23748	0.0
6343	0.0
20267	0.0
2862	97.96001312808846
13305	0.0
34191	0.0
