4111	10660.045485893932
630	0.0
24997	0.0
14554	0.0
21516	0.0
7592	0.0
31959	0.0
11073	0.0
28478	0.0
15793	0.0
22755	0.0
1869	0.0
29717	0.0
5350	0.0
8831	0.0
12312	0.0
26236	0.0
33198	0.0
19274	0.0
2400	0.0
33729	0.0
5881	0.0
12843	0.0
26767	0.0
23286	0.0
19805	0.0
30248	0.0
16324	0.0
9362	0.1
29186	0.0
1338	0.0
15262	0.0
22224	0.0
8300	0.0
18743	0.0
11781	0.0
25705	0.0
40	2839.3226702667625
13964	453.6845894836871
24407	0.0
27888	0.0
3521	0.0
10483	0.0
17445	0.0
20926	0.0
7002	0.0
27003	0.0
2636	73.7603267474488
33965	0.0
20041	0.0
13079	0.0
30484	0.0
16560	6.224546376611828
6117	0.0
23522	0.0
9598	55.30391916958773
25528	0.0
1161	0.0
8123	0.0
22047	0.0
18566	0.0
11604	19.965624847522427
15085	0.0
4642	0.0
32490	0.0
35794	0.0
984	0.0
18389	0.0
14908	0.0
28832	0.0
32313	1.2801307083112705
25351	0.0
21870	0.0
4465	376.97762521839235
7946	0.0
11427	0.0
2046	0.0
22932	0.0
9008	0.0
33375	0.0
29894	0.0
26413	0.0
15970	0.0
5527	0.0
12489	0.0
19451	0.0
20336	0.0
2931	0.0
30779	0.0
13374	0.0
9893	0.0
16855	1666.5299411379492
34260	0.0
27298	0.0
6412	0.0
23876	461.2509272121881
2990	0.0
13433	628.00121976283
6471	0.0
16914	0.0
20395	0.0
34319	0.0
9952	0.0
18271	0.0
866	19129.646496884478
14790	0.0
11309	236.70405979590006
21752	0.0
4347	0.0
7828	0.0
35676	0.0
25233	0.0
32195	0.0
28714	0.0
1102	0.0
8064	309.9379976384662
4583	0.0
28950	0.3417629519532569
15026	0.0
11545	0.0
25469	0.0
21988	0.0
18507	0.0
29658	0.0
33139	31.073489077613097
1810	110.3948204585172
22696	0.0
5291	0.0
8772	0.0
26177	0.0
15734	70.06581052317347
12253	0.0
35558	229.0
25115	0.0
748	0.0
28596	0.0
21634	0.0
11191	0.0
14672	0.0
4229	0.0
18153	0.0
32077	0.0
7710	801.5
9185	0.0
26590	0.0
2223	0.0
19628	0.0
23109	0.0
30071	0.0
16147	0.0
12666	0.0
33552	0.0
3816	0.0
7297	0.0
10778	0.4170820229213922
28183	0.0
335	0.0
35145	0.0
21221	0.0
17740	0.0
14259	0.0
30720	0.0
23758	0.0
20277	0.0
16796	0.0
6353	0.0
34201	0.0
2872	0.0
13315	0.0
9834	0.0
23935	465.97196537807474
30897	0.0
34378	0.0
13492	0.0
3049	0.0
16973	0.0
10011	0.0
6530	991.089940102412
27416	0.0
20454	0.0
27711	0.0
24230	0.0
31192	0.0
3344	47.84149530469835
6825	1484.612635642087
17268	574.3840054739932
10306	0.0
13787	0.0
34673	0.0
20749	0.0
4406	0.0
18330	0.0
925	0.0
28773	0.3417629519532569
7887	0.0
25292	0.0
35735	0.0
21811	0.0
11368	0.0
14849	0.0
34909	0.0
3580	0.0
24466	0.0
7061	1016.7625380720029
17504	0.0
20985	0.0
99	0.0
10542	503.47866958095744
31428	0.0
13846	61.08976625855666
17327	0.0
10365	20.207631113791216
6884	0.20018255578093305
20808	0.0
3403	0.0
31251	0.0
24289	0.0
34732	0.0
27770	0.0
31015	0.0
13610	0.0
6648	0.0
27534	0.0
3167	0.0
24053	0.0
17091	0.0
10129	0.0
34496	0.0
20867	0.0
34791	0.0
13905	112.3718629163823
17386	0.0
31310	0.0
3462	0.0
10424	10.480896148129178
27829	0.0
6943	0.0
24348	0.0
9716	9.789167015985038
30602	0.0
16678	0.0
2754	109480.56382628332
20159	0.0
6235	3.225673529474488
27121	0.0
34083	0.0
23640	0.0
34555	0.0
20631	0.0
31074	0.0
17150	0.5887762707441608
6707	0.0
3226	0.0
24112	0.0
10188	574.2936911180105
23699	0.0
13256	0.0
9775	0.0
20218	0.0
30661	5.350390801910491
6294	0.0
27180	0.0
2813	46.40848064315314
34142	0.0
5763	0.0
26649	0.0
23168	0.0
16206	0.0
19687	0.0
2282	0.0
9244	0.0
30130	0.0
12725	0.0
33611	0.0
30956	0.0
34437	0.0
10070	2290.0
13551	0.0
17032	376.4747486544296
6589	144.6745282516651
20513	0.0
27475	0.0
3108	0.0
23994	0.0
24820	0.0
7415	2415.4047619047674
35263	0.0
14377	0.0
31782	0.0
17858	0.0
453	40993.55097586096
21339	0.0
28301	0.0
10896	0.0
3934	53.033712127406964
8359	0.0
4878	0.0
18802	0.0
25764	0.0
1397	0.0
32726	0.0
29245	0.0
15321	0.0
11840	0.0
6058	0.0
33906	0.0
13020	0.0
9539	0.0
23463	0.9951864966594933
30425	0.0
19982	0.0
16501	0.0
26944	0.0
4524	690.57346184375
25410	0.0
14967	0.0
1043	0.0
8005	0.0
18448	0.0
28891	0.0
11486	0.0
32372	0.0
21929	0.0
5586	0.0
12548	0.0
19510	9.729546050635715
22991	0.0
26472	0.0
9067	0.0
33434	458.0
16029	0.2381733369751733
23227	239.57828808296887
12784	0.0
26708	0.0
5822	0.0
30189	0.0
2341	79.06717932443081
9303	1638.8298169273282
16265	0.0
33670	0.0
19746	0.0
4052	0.0
24938	0.0
35381	0.0
571	0.0
21457	0.0
7533	0.0
14495	0.0
17976	0.0
11014	0.0
10660	1607.127772316886
31546	0.0
3698	146.15172760758756
28065	0.0
7179	13.05632042874524
24584	0.0
217	126.93794564996415
21103	0.0
35027	0.0
17622	0.0
5409	0.0
19333	0.0
8890	0.0
15852	0.0
26295	0.0
29776	0.0
1928	0.9568029998180703
22814	0.0
33257	0.0
25882	0.0
29363	0.0
32844	0.0
22401	0.0
15439	0.0
8477	5.762394821852393
11958	0.0
1515	0.0
4996	0.0
35204	0.0
17799	0.0
28242	0.0
14318	0.0
21280	0.0
31723	0.0
7356	0.0
10837	0.0
3875	0.0
394	0.0
24761	0.0
21575	0.0
14613	0.0
4170	49.54991968065024
7651	0.0
18094	0.0
32018	0.0
11132	0.0
689	0.0
25056	0.0
5173	0.0
29540	20.648811139933077
33021	0.0
19097	0.0
15616	0.0
12135	459.2289424817647
26059	0.0
22578	0.0
1692	0.24
8654	0.0
32903	0.0
15498	0.0
12017	0.0
29422	0.0
18979	0.0
5055	0.0
8536	0.0
1574	50581.668460095745
22460	0.0
18212	0.0
7769	0.0
4288	0.0
32136	0.0
35617	0.0
21693	0.0
807	637.9557405833797
25174	0.0
14731	0.0
11663	0.0
25587	414.16082567043287
29068	0.0
4701	0.0
18625	0.0
8182	159.79323958271368
1220	0.0
32549	0.0
19923	0.0
16442	0.0
9480	0.0
33847	0.0
5999	0.0
23404	0.0
26885	0.0
30366	0.0
2518	0.0
12961	0.0
14082	0.0
24525	0.0
17563	0.0
10601	12022.850068571417
7120	0.0
3639	0.0
28006	2.6762438868321214
34968	0.0
21044	0.0
31487	0.0
158	7234.570456372177
9126	0.0
16088	3.183221560653913
33493	0.0
30012	0.0
23050	0.0
5645	0.0
19569	0.0
2164	0.0
9421	0.0
30307	0.0
19864	687.0
26826	0.0
23345	0.0
5940	0.0
12902	703.0053623958037
2459	0.0
16383	0.0
8949	0.0
22873	0.0
12430	0.0
15911	0.0
19392	0.0
26354	0.0
29835	0.0
1987	0.0
29127	0.0
8241	0.0
11722	0.0
25646	0.0
32608	0.0
15203	0.0
22165	0.0
18684	0.0
1279	7439.77243120921
25823	0.0
32785	0.0
22342	0.0
29304	0.0
1456	67.50417235203952
18861	0.0
29599	0.0
26118	0.0
33080	0.0
12194	0.0
5232	0.0
19156	0.0
22637	0.0
8713	770.8756654319922
15675	975.3985417612307
27062	0.0
16619	0.0
20100	0.0
34024	0.0
23581	0.0
9657	0.0
2695	9720.528479378852
6176	0.0
30543	0.0
13728	0.0
24171	0.0
34614	0.0
10247	0.0
31133	0.0
17209	0.0
20690	0.0
3285	0.0
6766	0.0
27652	0.0
26000	0.0
5114	31.913878260053092
19038	0.0
29481	0.0
32962	0.0
15557	0.0
1633	481.90747160736584
12076	0.0
24643	0.0
10719	0.0
21162	0.0
28124	0.0
3757	517.8758933038471
17681	0.0
276	277576.7420253642
7238	308.27566112664346
14200	0.0
28360	0.0
17917	0.0
31841	0.0
10955	80.32280095370108
7474	0.0
24879	229.0
3993	0.0
35322	1374.0
512	1465.8885578182967
21398	0.0
14436	1467.3757728092626
