19655	0.0
23136	0.0
12693	318.05413192999066
30098	0.0
9212	0.0
33579	0.0
16174	0.0
26617	0.0
1011	0.0
7973	0.0
28859	0.0
11454	0.0
32340	0.0
21897	0.0
18416	0.0
4492	4933.153260499052
25378	0.0
14935	0.0
26322	0.0
22841	0.0
1955	0.0
33284	0.0
12398	0.0
15879	0.0
8917	0.0
29803	0.0
19360	0.0
303	682.3681144262906
10746	0.0
31632	0.0
28151	0.0
14227	0.0
17708	0.0
21189	0.0
3784	0.0
7265	2142.3235357353574
24670	0.0
33638	0.0
30157	0.0
26676	0.0
16233	0.0
12752	0.0
19714	0.0
23195	0.0
5790	1193.9693367423756
26440	0.0
33402	40.862558727668755
5554	0.0
2073	239.37240814455288
15997	0.0
19478	0.0
22959	0.0
29921	0.0
9035	0.0
29213	0.0
4846	0.0
22251	0.0
11808	0.0
32694	0.0
8327	875.3252509104204
25732	0.0
21307	0.0
421	0.0
17826	0.0
35231	0.0
31750	0.0
10864	378.3947935496588
24788	0.0
7383	162.10026467477343
28269	0.0
3902	265.8141288796435
14345	0.0
7855	0.0
893	0.0
11336	0.0
14817	0.0
35703	0.0
25260	0.0
4374	0.0
28741	687.1800283367604
32222	0.0
21779	0.0
3666	0.0
185	29.516164641126345
14109	0.0
10628	264.00462386177895
21071	0.0
17590	0.0
28033	0.0
7147	818.6943250169393
24552	266.749472450118
31514	0.0
2191	0.0
5672	0.0
30039	0.0
12634	0.0
26558	0.0
33520	0.0
16115	0.7061238937461574
23077	259.83967524432575
19596	0.0
12988	1227.3924948315698
2545	0.0
16469	0.0
26912	0.0
30393	0.0
33874	0.0
23667	0.0
2781	1167.2065869410967
27148	0.0
20186	0.0
16705	0.0
6262	0.0
30629	0.0
9743	229.80810832684335
13224	0.0
952	0.0
32281	1.2801307083112705
14876	945.8201569421608
25319	1147.725853059007
7914	0.0
28800	0.0
11395	0.0
21838	0.0
4433	22.293975582286354
27915	0.0
7029	0.0
10510	0.0
67	14882.555328022276
24434	0.0
20953	0.0
13991	0.0
17472	0.0
3548	0.0
34877	0.0
31396	2748.0
8799	0.0
33166	0.0
5318	0.0
1837	0.0
26204	0.0
19242	0.0
15761	0.0
12280	229.0
29685	0.0
22723	0.0
12575	0.0
5613	0.0
33461	0.0
2132	60.213817758593635
16056	0.0
9094	0.0
26499	0.0
23018	0.0
29980	0.0
14404	0.0
35290	0.0
480	0.0
24847	0.0
3961	4.0097911002453674
28328	0.0
31809	0.0
21366	0.0
7442	0.0
10923	0.0
17885	0.0
17000	0.0
34405	0.0
3076	1194.6613303535137
23962	55.65897585141954
30924	0.0
27443	699.0300187533421
13519	0.0
6557	0.0
10038	0.0
20481	0.0
28918	0.0
25437	0.0
1070	28.694941082689084
21956	0.0
11513	0.0
14994	0.0
8032	0.0
32399	0.0
4551	0.0
28623	0.0
7737	893.1597234959318
775	0.0
25142	0.0
11218	459.0
32104	0.0
4256	0.0
21661	0.0
14699	0.0
14050	0.0
7088	0.0
27974	0.0
126	0.0
17531	0.0
21012	0.0
31455	0.0
24493	910.8054297742185
10569	0.0
3607	0.0
17118	249.72159614432286
27561	0.0
24080	0.0
13637	0.0
3194	0.0
6675	0.0
20599	0.0
34523	0.0
31042	0.0
32812	0.0
25850	0.0
1483	0.0
22369	1493.4069602376205
18888	0.0
4964	0.0
29331	0.0
8445	0.0
11926	32.86282776648708
15407	0.0
4728	0.0
18652	0.0
1247	284.77767667949036
22133	0.0
8209	0.0
25614	0.0
29095	0.0
32576	0.0
15171	0.0
11690	0.0
29390	0.0
18947	0.0
11985	0.0
1542	1130.4678151310522
22428	0.0
25909	0.0
5023	1639.8196603067036
8504	0.0
32871	0.0
15466	0.0
13814	0.0
34700	0.0
6852	0.0
31219	0.0
20776	0.0
3371	0.0
24257	0.0
17295	687.5887762707441
27738	916.0
10333	18.488245773479292
27797	0.0
17354	0.0
24316	0.0
3430	230.13750399745228
34759	0.0
20835	0.0
6911	1.1832255438369126
31278	231.71694179589332
13873	0.0
10392	0.0
15053	383.62627908708754
32458	0.0
4610	2116.628285517168
18534	0.0
1129	0.0
28977	0.0
22015	0.0
25496	0.0
11572	0.0
8091	0.0
25024	0.0
18062	0.0
35467	0.0
11100	0.0
657	1155.1898029017607
7619	0.0
31986	0.0
28505	0.0
4138	325.138791791916
21543	0.0
18593	0.0
11631	43.14462741028959
1188	0.0
8150	0.0
29036	0.0
32517	0.3030921694521031
4669	0.0
25555	0.0
15112	0.0
22900	0.0
29862	0.0
26381	0.0
12457	0.0
33343	0.0
8976	0.0
15938	0.0
22310	0.0
11867	0.0
8386	0.0
1424	3825.490311982074
25791	0.0
29272	0.6176470588235294
32753	0.0
18829	0.0
15348	15.578124522010773
4905	0.0
34818	0.0
10451	0.0
24375	0.0
13932	0.0
17413	0.0
3489	0.0
6970	0.0
20894	0.0
8	22610.065709957616
31337	0.0
27856	0.0
6380	905.3158575107689
9861	0.0
2899	8861.395048748249
34228	0.0
16823	0.0
23785	0.0
27266	0.0
6085	0.0
23490	0.0
9566	18.138179303377605
33933	0.0
26971	0.0
13047	0.0
20009	3.206465743242858
30452	0.0
2604	0.0
16528	0.0
20245	0.0
13283	0.0
27207	0.0
9802	0.0
16764	0.0
34169	0.0
30688	2346.053967200769
2840	0.0
6321	24.362124267398094
23726	0.0
23903	0.0
6498	49164.13981441331
3017	0.0
27384	0.0
16941	0.0
34346	0.0
13460	0.0
30865	0.0
9979	0.0
16882	0.0
2958	0.0
30806	0.0
13401	0.0
6439	9.83401089998941
20363	0.0
23844	0.0
33107	0.0
26145	0.0
8740	1040.592843628096
29626	0.0
5259	5.154577411451549
1778	0.0
15702	0.0
12221	0.0
19183	0.0
22664	0.0
35644	0.0
21720	0.0
4315	236.7421920620633
18239	0.0
32163	0.0
14758	0.0
7796	0.0
28682	0.0
25201	43.664260805166954
11277	0.0
16351	0.0
5908	0.0
33756	0.0
12870	0.0
9389	0.0
19832	0.0
2427	0.0
23313	0.0
26794	0.0
30275	0.0
23254	0.0
26735	0.0
30216	1374.0
19773	0.0
16292	0.0
9330	0.0
2368	0.0
5849	0.0
33697	0.0
12811	0.0
7560	0.0
21484	0.0
14522	0.0
28446	0.0
31927	0.0
4079	0.0
598	0.0
11041	0.0
24965	0.0
18003	0.0
25968	0.0
22487	0.0
32930	0.0
12044	1244.1234311989263
5082	0.0
1601	0.0
19006	0.0
28092	0.0
35054	0.0
7206	0.0
3725	0.0
244	0.0
21130	0.0
24611	0.0
10687	0.0
10274	0.0
31160	0.0
20717	0.0
13755	0.0
6793	0.0
27679	0.0
24198	0.0
17236	0.0
3312	0.5428820918282606
5967	5.502809796551063
26853	0.0
16410	0.0
19891	0.0
33815	0.0
12929	0.0
30334	0.0
9448	0.0
2486	0.0
22605	0.0
33048	0.0
12162	0.0
19124	0.0
29567	0.0
15643	0.0
26086	0.0
5200	0.0
1719	0.0
33992	0.0
30511	0.0
16587	0.0
27030	0.0
9625	0.0
13106	0.0
23549	0.0
20068	0.0
2663	75.34413464594525
11749	0.0
29154	0.0
4787	0.0
32635	0.0
8268	0.0
25673	0.0
1306	246.09104782157303
22192	0.0
18711	0.0
12103	521.8309302740173
26027	0.0
8622	0.0
5141	0.0
15584	0.0
19065	0.0
22546	0.0
29508	0.0
32989	0.0
1660	0.0
25083	0.0
32045	0.0
4197	837.4884562754617
35526	0.0
21602	0.0
11159	458.0
7678	0.0
716	0.0
14640	8.775003674544797
21248	0.0
28210	0.0
10805	229.562091503268
14286	0.0
31691	0.0
3843	9104.716723214535
35172	0.0
17767	1.9988711813816582
7324	0.0
362	2824.1854397616544
27089	0.0
34051	0.0
23608	7.235315831131374
30570	0.0
9684	0.0
13165	0.2048992213414076
2722	0.0
6203	0.0
16646	0.0
30983	0.0
27502	0.0
34464	0.0
17059	8.803325339177105
6616	485.481459885341
10097	0.0
13578	385.71200334175387
24021	0.0
3135	0.0
17177	282.89761687841764
6734	0.0
20658	0.0
3253	0.0
34582	0.0
13696	0.0
27620	0.0
24139	229.0
22782	0.0
12339	0.0
19301	0.0
26263	0.0
8858	0.0
15820	0.0
33225	0.0
5377	0.0
29744	0.0
1896	0.0
14463	0.0
35349	0.0
7501	0.0
31868	0.0
24906	0.0
21425	0.0
539	687.0
28387	0.0
4020	0.0
