32367	0.0
1038	5109.475843153653
21924	0.0
11481	0.0
25405	0.0
8000	0.0
14962	0.0
18443	0.0
4519	324.7373143617192
28886	0.0
3280	834.5295404997531
6761	0.0
17204	0.006993006993006993
31128	0.0
27647	0.0
34609	1865.8104141895535
10242	0.0
24166	0.0
13723	0.0
20685	0.0
3162	0.0
6643	0.0
24048	0.0
34491	0.0
27529	0.0
17086	0.0
13605	0.0
10124	0.0
2985	4653.138859145608
16909	0.0
27352	0.0
30833	0.0
34314	0.0
23871	168.43258562769694
13428	772.9000401070731
6466	0.0
20390	0.0
24992	0.0
31954	0.0
21511	0.0
625	80.99504337551578
11068	0.0
4106	106.39994244540563
35435	0.0
28473	0.0
14549	0.0
18030	2.600582750582751
26467	0.0
29948	0.0
12543	0.0
9062	0.0
19505	392.0960286780986
33429	0.0
16024	0.0
26939	0.0
23458	0.0
9534	0.0
19977	0.0
16496	5.483825232059513
33901	0.0
6053	90.2077247654708
13015	0.0
30420	0.0
802	0.0
35612	0.0
25169	0.0
11245	0.0
4283	7.88813581705349
7764	0.0
21688	0.0
32131	0.0
14726	576.4579726718215
18207	0.0
3103	880.8081470233731
20508	0.0
10065	0.0
23989	0.0
30951	0.0
34432	0.0
17027	7.890539411237582
3811	581.0582127031292
330	0.0
28178	0.0
14254	0.0
17735	0.0
21216	0.0
10773	0.0
7292	0.0
2454	5.331727298649356
9416	0.0
12897	0.0
5935	0.0
30302	0.0
33783	0.0
26821	0.0
19859	0.0
16378	59.59227049500623
23340	4.457617882235352
11540	0.0
1097	0.520929184658693
18502	0.0
32426	0.0
4578	0.0
25464	0.0
15021	0.0
28945	0.0
5345	0.0
8826	0.0
19269	0.0
1864	0.0
29712	0.0
33193	0.0
12307	0.0
22750	0.0
26231	0.0
10950	0.0
7469	0.0
507	408.82990501628035
17912	0.0
28355	0.0
21393	0.0
3988	11.115299829110198
24874	0.0
35317	0.0
31836	0.0
15316	0.0
11835	487.6219906489189
8354	0.0
1392	0.0
32721	0.0
18797	0.0
22278	0.0
25759	0.0
4873	0.0
12130	0.0
15611	0.0
1687	763.3333333333351
5168	229.0
29535	0.0
8649	0.0
19092	0.0
22573	0.0
33016	0.0
32190	0.0
4342	532.3403904530968
25228	0.0
861	687.0
21747	0.0
28709	0.0
11304	310.28930222012343
35671	0.0
14785	0.0
4224	589.9728994087408
21629	0.0
743	0.0
32072	0.0
25110	0.0
35553	0.0
28591	23.266908260666
11186	0.0
7705	553.0831520220771
14667	231.47002452606358
23517	0.0
26998	0.0
13074	0.0
6112	0.0
20036	0.0315378454144974
33960	0.0
16555	0.0
30479	0.0
18089	0.0
14608	3.0758825590967738
25051	0.0
7646	199.12504083668722
684	0.0
32013	0.0
4165	0.0
11127	21.881617542039404
21570	0.0
34196	0.0
2867	0.0
20272	0.0
9829	21121.999999999993
16791	973.1191542200688
13310	0.0
6348	0.0
23753	0.0
27234	0.0
30715	0.0
27588	0.0
24107	0.0
34550	0.022222222222222223
3221	0.0
17145	0.0
6702	0.0
10183	0.0
13664	0.0
5817	0.0
26703	0.0
2336	0.0
33665	0.0
23222	0.0
12779	0.0
19741	0.0
9298	0.0
16260	0.0
30184	0.0
12248	0.0
1805	0.0
5286	0.0
29653	0.0
22691	0.0
8767	482.40687918806606
19210	0.0
26172	0.0
33134	0.0
24284	15.099342956913587
6879	0.12750455373406192
31246	0.0
34727	0.0
13841	0.0
27765	0.0
3398	6328.595827058593
17322	0.0
20803	0.0
10360	0.0
12602	7.392593845108204
2159	0.0
5640	0.0
19564	0.0
9121	0.0
23045	0.0
16083	230.38742445202914
30007	0.0
33488	0.0
13133	0.0
30538	0.0
34019	0.0
20095	0.0
9652	98.69717800219718
2690	4989.038938617298
6171	0.0
23576	229.0
27057	0.0
16614	0.0
31600	0.0
3752	995.8653957196557
21157	0.0
14195	0.0
24638	0.0
271	0.0
17676	0.0
4932	0.0
15375	0.0
11894	233.0896685235721
25818	0.0
1451	66.33639246700722
29299	0.6058773670320355
8413	0.0
32780	0.0
18856	0.0
22337	0.0
24520	0.0
34963	0.0
31482	0.0
28001	0.0
10596	4487.262233365776
7115	0.0
14077	0.0
153	0.0
21039	0.0
3634	2688.9644690073055
3516	0.0
17440	0.0
13959	0.0
10478	376.2558971421485
35	253.81745897920783
20921	0.0
6997	0.0
27883	6.776417507395747
15080	922.3635283315318
32485	0.0
4637	1.2419640728291605
22042	0.0
11599	0.0
1156	0.0
29004	0.0
25523	65.44536644561909
8118	0.0
18561	0.0
29476	0.0
19033	0.0
1628	0.0
5109	0.0
22514	0.0
15552	0.0
25995	0.07020967614352566
12071	0.0
7351	0.0
24756	236.1479846236702
14313	0.0
3870	343.76734971188625
21275	0.0
31718	0.0
17794	0.0
389	77187.9516729419
35199	0.0
28237	0.0
26644	0.0
16201	0.0
33606	0.0
12720	0.0
30125	0.0
2277	0.0
9239	0.0
19682	0.0
23163	0.0
5758	0.0
8177	229.0
11658	0.0
32544	0.0
18620	0.0
25582	0.0
4696	0.0
1215	0.0
15139	0.0
29063	0.0
22101	0.0
21806	0.0
7882	0.0
11363	0.0
920	0.0
14844	0.0
18325	0.0
25287	0.0
4401	1222.570138605141
32249	0.0
28768	0.0
27116	0.0
6230	0.0
20154	0.0
9711	0.0
23635	0.0
2749	162.4658714371455
34078	0.0
16673	0.0
30597	861.490528129218
8885	0.0
33252	0.0
29771	0.0
15847	0.0
12366	2657.9329786043286
26290	0.0
22809	0.0
1923	0.0
15434	687.0
18915	0.0
22396	0.0
1510	0.0
29358	0.0
4991	796.7638937393825
11953	0.0
8472	0.0
11776	0.0
18738	0.0
8295	0.0
29181	0.0
25700	0.0
1333	571.347075022128
4814	0.0
15257	0.0
22219	0.0
7528	0.0
31895	0.0
4047	0.0
17971	0.0
11009	0.0
566	0.0
24933	0.0
35376	687.0
21452	0.0
14490	0.0
34786	0.0
17381	0.0
27824	0.0
6938	0.0
20862	0.0
10419	0.0
24343	0.0
3457	0.0
13900	0.0
31305	0.0
23694	0.0
9770	0.0
6289	87.42928587170657
30656	5.521819373339062
27175	0.0
20213	0.0
13251	2977.0
2808	217.0631840436251
16732	0.0
3693	0.0
14136	0.0
10655	237.17199787188878
21098	0.0
24579	0.0
28060	916.0
17617	0.0
31541	0.0
212	143036.30449687177
26762	0.0
19800	0.0
5876	0.03076923076923077
23281	0.0
30243	0.0
16319	0.0
2395	0.0
18974	0.0
29417	0.0
12012	9.821770485443448
5050	0.0
15493	0.0
22455	0.0
8531	0.0
25936	0.0
32898	0.0
1569	732.6230568373303
31423	0.0
24461	0.0
7056	0.0
20980	0.0
17499	0.0
3575	207.1233972570414
94	2246.5384079770843
34904	0.0
14018	478.10363308877777
10301	0.0
17263	0.0
34668	0.0
6820	0.0
20744	0.0
3339	0.0
24225	25.284594060345345
27706	0.0
31187	0.0
28827	0.0
4460	114.5
25346	0.0
21865	0.0
7941	0.0
11422	0.0
14903	0.0
979	90341.23771091361
18384	0.0
35789	0.0
3929	0.0
7410	229.0
35258	0.0
31777	0.0
17853	0.0
10891	0.0
28296	0.0
21334	0.0
24815	0.0
448	50274.01603974869
13487	0.0
30892	0.0
23930	0.0
20449	0.0
10006	0.0
34373	0.0
6525	5.312320420262031
16968	0.0
3044	0.0
30774	0.0
23812	0.0
6407	0.0
13369	0.0
9888	0.0
20331	343.5
2926	156.17031534314145
27293	0.0
16850	0.0
34255	0.0
8708	0.0
19151	0.0
22632	0.0
33075	0.0
12189	84.52148390465814
15670	0.0
1746	0.0
29594	24.807381148910835
26113	0.0
19387	0.0
33311	0.0
29830	0.0
26349	0.0
1982	0.0
12425	0.0
15906	0.0
8944	0.0
22868	0.0
5994	0.0
23399	0.0
26880	5.440264873292918
33842	0.0
9475	76.33333333333333
19918	0.0
16437	2.1217129781031105
12956	0.0
2513	0.0
22927	0.0
29889	0.0
9003	229.0
12484	0.0
33370	3.085537805360297
15965	27.312368955764146
26408	0.0
19446	0.0
2041	0.0
5522	0.0
32603	0.0
25641	0.0
4755	0.0
18679	0.0
1274	0.0
11717	0.0
9180	0.0
5699	0.0
12661	1.3518598597146976
16142	0.0
30066	0.0
23104	0.0
2218	3.930305617676274
19623	0.0
