2947	0.0
20352	0.0
16871	229.5887762707441
13390	0.0
27314	0.0
9909	0.0
30795	0.0
23833	0.0
23538	0.0
13095	0.0
16576	0.0
9614	0.0
2652	0.0
30500	0.0
33981	13.097353424105735
20057	0.0
27019	0.0
15455	0.0
5012	0.0
1531	40.21399705093719
11974	0.0
32860	0.0
29379	0.0
8493	0.0
25898	0.0
18936	0.0
21119	0.0
17638	0.0
233	9873.764880004852
28081	0.0
10676	1497.116021394446
31562	0.0
14157	0.0
3714	0.0
7195	488.5817844457616
24600	0.0
13744	0.0
6782	0.0
27668	229.0
17225	0.5887762707441608
3301	57.38228256278828
31149	0.0
10263	0.0
24187	0.0
20706	1374.0
1944	0.0
8906	0.0
15868	0.0
12387	0.0
22830	0.0
19349	0.0
29792	0.0
26311	0.0
2121	0.0
12564	0.0
23007	0.0
19526	458.0
9083	114.5
16045	3.5498918123575396
29969	0.0
33450	0.0
26488	0.0
5602	0.0
8729	0.0
15691	0.0
12210	0.0
1767	0.0
33096	0.0
26134	693.1011496741042
19172	0.0
5248	0.0
35456	0.0
31975	0.0
646	0.0
14570	0.0
11089	0.0
7608	4.72615199780252
28494	0.0
18051	0.0
4127	0.0
21532	0.0
25013	0.0
2770	4313.633916381442
30618	0.0
23656	596.4864743546291
9732	0.0
6251	0.0
20175	0.0
27137	114.5
34099	0.0
28199	0.0
21237	0.0
351	354.5203127206041
14275	0.0
7313	0.0
3832	545.7937032087866
24718	0.0
10794	0.0
17756	0.0
35161	0.0
31680	0.0
32506	0.0
1177	0.0
8139	0.0
4658	0.0
15101	0.0
25544	458.0
29025	0.0
11620	0.0
1590	5.324313272861388
22476	0.0
15514	0.0
29438	0.0
18995	468.5678832653517
8552	0.0
5071	0.0
32919	0.0
25957	0.0
12033	0.0
7490	229.0
528	36.80116934036976
28376	0.0
24895	0.0
14452	251.4110026990746
4009	0.0
10971	33.03863630865431
17933	0.0
31857	0.0
21414	0.0
12092	229.0
1649	0.0
26016	9.566185180841781
15573	0.0
29497	0.0
32978	0.0
8611	0.0
5130	0.0
19054	21.581368012538118
22535	233.0181479328479
15927	0.0
8965	0.0
2003	18020.131946002813
29851	0.0
19408	0.0
26370	0.0
12446	0.0
33332	0.0
8434	0.0
1472	0.0
15396	0.0
18877	0.0
29320	5.240819598575726
4953	791.1937339272478
22358	0.0
32801	0.0
11915	0.0
25839	0.0
3419	193.27850657039124
31267	0.0
24305	0.0
20824	0.0
13862	0.0
6900	2339.138769657314
17343	0.0
2475	2386.1524249712097
16399	12.846970622492002
12918	265.69740529207934
23361	0.0
9437	0.0
33804	0.0
19880	506.0704471717126
30323	334.32392262077536
5956	0.0
12977	0.0
26901	0.0
9496	0.0
16458	0.0
2534	0.0
30382	0.0
33863	0.0
6015	3052.7611906614925
23420	0.0
19939	0.0
15160	1266.0809122335647
32565	0.0
4717	0.0
29084	0.0
1236	642.0837008075802
22122	0.0
18641	0.0
11679	0.0
25603	0.0
8198	0.0
13803	0.0
24246	0.0
17284	0.0
10322	642.8048112449
20765	0.0
34689	0.0
6841	0.0
27727	0.0
3360	0.0
31208	0.0
32093	0.0
4245	7.289170614744931
7726	1008.6058138534162
35574	0.0
764	0.0
14688	3.6524888942721807
21650	0.0
28612	0.0
25131	0.0
11207	231.03209170790439
25721	0.0
22240	0.0
4835	0.0
15278	62.80379545492393
32683	0.0
1354	0.0
29202	0.0
11797	0.0
8316	0.0
18759	1.511165707084532
6605	0.0
34453	0.0
24010	0.0
27491	0.0
20529	0.0
17048	0.0
3124	467.7803895685517
10086	104.06072405255394
30972	0.0
13567	0.0
21355	0.0
31798	0.0
17874	0.0
469	0.0
7431	32.71428571428565
14393	0.0
24836	0.631770493585562
10912	0.0
3950	0.0
35279	0.0
17461	229.0
27904	0.0
56	46830.26840693952
3537	216.42196526839848
20942	0.0
7018	0.0
31385	0.0
10499	0.0
13980	0.0
24423	0.0
3242	234.01988075224045
10204	202.08915056047013
27609	0.0
31090	0.0
6723	0.0
17166	0.0
34571	31.09769746114413
24128	0.0
20647	0.0
26252	0.0
33214	1.3375609798785255
12328	0.0
22771	0.0
19290	0.0
15809	0.0
1885	0.0
5366	0.0
29733	0.0
8847	0.0
26429	0.0
12505	158.60217414723164
33391	0.0
9024	0.0
22948	0.0
2062	0.0
15986	0.0
29910	0.0
5543	0.0
4363	0.0
11325	0.0
25249	0.0
32211	0.0
21768	0.0
7844	0.0
18287	0.0
882	0.0
14806	0.0
28730	1.2878207024169757
35692	0.0
11266	0.0
4304	0.0
7785	0.0
823	0.0
25190	0.0
14747	0.0
35633	0.0
32152	0.0
28671	0.0
21709	0.0
27255	0.0
23774	0.0
9850	0.0
34217	0.0
6369	61.29901328810657
16812	0.0
2888	166.76934374771668
20293	0.0
13331	0.0
30736	0.0
30559	0.0
23597	0.0
16635	0.0
34040	0.0
2711	0.0
13154	229.0
27078	0.0
6192	232.3517585501227
20116	0.0
9673	2.8447816755219013
31326	0.0
13921	0.0
17402	0.0
6959	0.0
3478	0.0
24364	0.2316676700782661
27845	0.0
10440	0.0
20883	0.0
34807	0.0
12269	456.2453026100143
22712	0.0
15750	0.0
19231	0.0
1826	0.0
5307	0.0
33155	0.0
8788	0.0
26193	0.0
33922	0.0
23479	22.697268766115958
16517	0.0
6074	0.0
30441	0.0
2593	0.0
9555	0.0
13036	0.0
33686	0.0
16281	0.0
23243	74.3784665291661
12800	229.2934948669294
2357	0.0
5838	0.0
9319	0.0
30205	0.9183697862148741
26724	0.0
19762	4.092197972530453
11384	0.0
35751	0.0
14865	0.0
4422	0.0
21827	0.0
25308	0.0
941	0.0
28789	0.0
18346	0.0
32270	0.0
7903	0.0
14983	458.0
11502	0.0
1059	0.0
32388	0.0
8021	572.5
4540	0.9943824719198399
18464	0.0
28907	0.026451331296377126
25426	0.0
12151	0.0
15632	0.0
29556	0.0
19113	0.0
8670	0.0
26075	0.0
1708	0.0
33037	0.0
22594	0.0
5189	0.0
21296	0.0
35220	114.5
17815	0.0
28258	0.0
410	791.6619853334405
14334	0.0
10853	0.0
3891	2427.848655648555
7372	0.0
25367	0.0
35810	0.0
14924	0.0
7962	0.0
28848	0.0
32329	0.0
21886	0.0
11443	0.0
1000	0.0
26606	0.0
12682	0.0
23125	0.0
30087	0.0
33568	0.0
19644	0.0
2239	0.0
16163	0.0
30913	0.0
13508	11.390783781306943
6546	0.0
16989	0.0
10027	95154.1816824428
34394	1145.0
20470	0.0
23951	0.0
27432	0.0
3065	206.4699865823642
6310	0.0
27196	0.0
13272	0.0
16753	0.0
30677	1375.6628012721317
9791	0.0
34158	0.0
23715	0.0
2829	10.024200952825305
12859	0.0
5897	1156.240215824152
33745	0.0
9378	0.0
16340	1.2801307083112705
23302	0.0
19821	0.0
2416	167.5330648297384
30028	0.0
5661	0.0
19585	459.93798069831524
16104	0.0
12623	0.0
9142	0.0
26547	0.0
2180	0.0
22004	0.0
32447	0.0
25485	1145.0
18523	0.0
11561	0.0
4599	0.0
8080	229.0
1118	0.0
11148	0.0
35515	0.0
32034	0.0
21591	0.0
28553	0.0
18110	0.0
25072	0.0
4186	0.0
14629	0.0
705	7143.282383223851
7254	0.0
17697	0.0
31621	229.0
14216	0.0
35102	272.81745420476096
21178	0.0
28140	0.0
3773	0.0
10735	0.0
292	14275.17529146292
27550	0.0
34512	0.0
13626	0.0
24069	0.0
6664	0.0
3183	466.7742917307355
10145	0.0
17107	0.0
31031	0.0
20588	0.0
23184	96.30679090501195
9260	256.182106692342
30146	0.0
12741	0.0
2298	0.0
16222	0.0
26665	0.0
19703	0.0
33627	0.0
9968	134.2598929403907
6487	0.0
20411	0.0
23892	0.0
13449	0.0
27373	0.0
3006	0.0
16930	0.0
14511	0.0
11030	0.0
35397	0.0
31916	0.0
21473	0.0
4068	0.0
587	0.0
7549	0.0
17992	0.0
28435	0.0
15337	0.0
18818	0.0
32742	0.0
8375	0.0
11856	0.0
25780	0.0
22299	0.0
1413	12170.999584398365
29261	0.0
11738	0.0
4776	0.0
15219	0.0
25662	0.0
22181	0.0
8257	0.0
1295	19382.34750184962
18700	0.0
29143	0.0
14039	36.963911603639815
27963	0.0
21001	0.0
3596	0.0
31444	0.0
24482	0.063894523326572
7077	0.0
115	1285.333064084453
10558	1.3432168278691548
34925	0.0
7136	0.0
17579	0.0
28022	0.0
10617	0.0
24541	0.0
3655	0.0
21060	0.0
174	840.0023528672692
14098	0.0
