2750	458.0
20155	0.0
34079	0.0
23636	0.0
27117	0.0
9712	119.83128842653991
30598	0.0
6231	0.0
9948	13.318189809890214
2986	0.0
34315	0.0
23872	0.0
16910	0.0
20391	0.0
13429	5793.807817913704
6467	19.273068451033666
14373	0.0
449	38976.753892820285
24816	0.0
28297	0.0
7411	0.0
3930	25.046527384862898
21335	0.0
10892	4.512778606306016
35259	0.0
31778	0.0
3694	0.0
10656	1172.8348985009197
213	0.0
21099	0.0
35023	0.0
24580	0.0
17618	0.0
31542	0.0
28061	0.0
14137	249.50664822594686
33607	0.0
16202	0.0
2278	526.3930145678096
19683	0.0
23164	0.0
12721	0.0
30126	0.0
9240	0.0
26645	0.0
5759	0.0
30421	0.0
6054	0.0
9535	50.66520174394753
2573	0.0
26940	0.0
19978	0.0
16497	0.0
13016	0.0
23459	0.0
33902	0.0
95	1607.8625992206428
27943	0.0
24462	0.0
34905	0.0
3576	0.0
31424	0.0
7057	0.0
10538	0.0
17500	3.8943060214925143
14019	0.0
20981	0.0
35790	0.0
980	6311.579476643732
7942	0.0
32309	0.0
4461	0.0
21866	0.0
25347	0.0
14904	0.0
11423	21.876071556994557
28828	0.0
18385	0.0
2809	8410.690097409912
34138	0.0
9771	0.0
16733	0.0
30657	0.0
13252	0.0
6290	10.74539860272761
23695	0.0
27176	0.0
20214	0.0
21217	0.0
331	0.0
17736	0.0
35141	0.0
10774	25.359103981749463
3812	100494.18326273352
28179	0.0
7293	0.0
6880	0.0
3399	4.561113584444485
13842	0.0
34728	0.0
27766	0.0
31247	1.0343352484206634
24285	0.0
17323	264.85608805080165
20804	0.0
10361	0.0
29831	0.0
15907	0.0
33312	0.0
1983	2.233402461073477
8945	0.0
22869	0.0
12426	0.0
5464	428.446280309544
26350	0.0
1924	0.0
26291	0.0
8886	0.0
22810	0.0
19329	0.0
29772	0.0
12367	5.1902887652887655
33253	0.0
5405	0.0
15848	391.8185749578252
3222	0.0
13665	0.0
10184	0.0
6703	0.0
27589	0.0
24108	0.0
17146	0.0
34551	0.0
1393	36504.34969490472
22279	0.0
29241	0.0
32722	0.0
4874	0.0
11836	0.0
18798	0.0
8355	958.1868900579926
25760	0.0
8178	0.0
1216	0.0
15140	0.0
32545	0.0
11659	1.7153150801069776
25583	0.0
4697	1.280739855484101
29064	0.0
18621	0.0
22102	0.0
30067	0.0
23105	0.0
2219	0.0
12662	459.35185985971464
19624	0.0
16143	0.0
26586	0.0
9181	0.0
5700	54.36375138635109
2337	0.0
12780	0.0
16261	0.0
33666	0.0
30185	35.82767117042297
26704	6.344337988353441
19742	0.0
5818	0.0
23223	0.0
27471	0.0
3104	0.0
17028	0.0
34433	0.0
10066	0.0
30952	0.0
6585	0.0
20509	0.0
23990	0.0
14963	0.0
28887	0.0
4520	0.0
8001	0.0
1039	0.0
32368	0.0
11482	0.0
21925	0.0
25406	0.0
24757	0.0
31719	0.0
7352	0.0
21276	0.0
390	0.0
17795	0.0
3871	0.0
35200	0.0
10833	0.0
8237	0.057435291678208156
32604	0.0
15199	0.0
18680	0.0
1275	0.0
4756	0.0
22161	0.0
11718	0.0
25642	0.0
4166	3.388847420040321
25052	0.0
32014	0.0
21571	0.0
11128	0.0
18090	5.10235090281362
685	0.0
7647	0.0
14609	7.660021572955148
29477	1462.3912448030987
15553	0.0
1629	9.084696771706794
32958	0.0
12072	25.770162994253447
5110	0.0
19034	0.0
25996	0.0
22397	0.0
18916	0.0
32840	0.0
1511	0.0
11954	0.0
8473	0.0
25878	0.0
15435	0.0
29359	0.0
9653	1006.5535853768048
30539	0.0
23577	0.0
13134	0.0
2691	827.7871769466365
34020	0.0
27058	0.0
20096	0.0
16615	0.0
6172	0.0
12013	0.0
8532	0.0
29418	0.0
18975	0.0
1570	230.8943176927991
22456	0.0
25937	0.0
32899	0.0
5051	0.0
15494	0.0
3517	0.0
34846	0.0
24403	0.0
10479	4.508187887303171
31365	0.0
36	49373.04151732443
17441	0.0
20922	0.0
13960	0.0
27884	1.3333333333333333
19860	0.0
23341	0.0
33784	0.0
2455	254.3481957030516
26822	0.0
5936	0.0
9417	0.0
12898	0.0
16379	0.0
30303	229.0
11895	0.0
8414	0.0
4933	0.0
1452	35.348260668145166
18857	0.0
22338	0.0
29300	0.0
25819	0.0
15376	0.0
32781	0.0
19565	12.547078229848776
23046	0.0
5641	0.0
2160	1005.069755496244
9122	1996.8658747527022
30008	0.0
33489	0.0
16084	0.0
31601	0.0
3753	0.0
7234	0.0
14196	0.0
24639	0.0
35082	0.0
17677	0.0
28120	0.0
21158	0.0
35613	0.0
32132	0.0
4284	0.0
25170	0.0
21689	0.0
28651	0.0
803	0.0
7765	12706.171540052912
11246	0.0
18208	0.0
14727	0.0
6408	0.0
20332	0.0
23813	0.0
13370	0.0
34256	0.0
27294	458.0
2927	771.2352987569288
30775	0.0
9889	30.6065611735856
16851	0.0
18739	1.9364463877829765
25701	0.0
29182	0.0
4815	0.0
8296	0.0
1334	27.493825398482294
11777	0.0
20273	0.0
6349	0.0
13311	0.0
27235	1.0959741069278237
9830	0.0
34197	0.0
16792	0.0
2868	0.0
30716	0.0
23754	0.0
23282	0.0
19801	0.0
5877	0.0
26763	0.0
30244	0.0
16320	862.8148063155671
2396	0.0
9358	0.0
33725	0.0
12839	0.0
12308	0.0
29713	0.0
22751	0.0
1865	0.0
19270	0.0
8827	0.0
15789	0.0
10007	229.22586887152107
6526	75.0899401024092
16969	0.0
13488	0.0
20450	0.0
3045	1727.4937955312357
23931	0.0
34374	0.0
30893	0.0
35672	0.0
4343	0.0
7824	0.0
18267	0.0
28710	141.1367166731132
32191	0.0
21748	0.0
25229	0.0
862	0.0
11305	0.0
14786	0.0
19919	0.0
5995	0.0
30362	0.0
23400	0.0
26881	0.0
2514	0.0
12957	0.0
33843	0.0
16438	0.0
9476	0.0
3635	0.0
7116	17.372107052335174
34964	0.0
24521	0.0
28002	0.0
154	4831.597522448656
21040	0.0
31483	0.0
17559	0.0
14078	0.0
10597	0.0
19447	0.0
15966	0.0
26409	0.0
22928	0.0
12485	0.0
29890	0.0
2042	0.0
9004	0.0
33371	0.0
5523	0.0
35436	0.0
18031	0.0
21512	0.0
11069	0.0
4107	734.4136509554567
24993	0.0
626	718.0155297217647
14550	0.0
12131	0.0
8650	244.26239042601566
15612	0.0
29536	0.0
1688	308.02104808338987
5169	0.0
19093	0.0
22574	0.0
10951	0.0
7470	0.0
24875	0.0
21394	0.0
3989	2383.3014512902614
35318	0.0
508	5961.989487054409
28356	0.0
31837	0.0
8768	0.0
26173	0.0
29654	0.0
22692	0.0
33135	0.0
19211	0.825007196395911
11541	0.0
21984	0.0
25465	0.0
32427	0.0
4579	4178.658067145127
15022	0.0
1098	96.87247206049248
18503	0.0
28946	0.1800283367604959
12190	1145.0
33076	0.0
22633	0.0
8709	0.0
19152	0.0
15671	0.0
5228	0.0
26114	0.0
1747	2.225698788041246
29595	0.0
28415	0.0
31896	0.0
14491	0.0
11010	0.0
24934	0.0
21453	0.0
7529	572.0
4048	572.4762535154758
35377	0.0
567	35.98113710984633
33961	0.0
6113	0.0
9594	0.0
23518	0.0
13075	0.0
20037	230.56384040018494
30480	0.0
2632	0.0
16556	458.0
26999	0.0
9063	0.0
5582	0.0
26468	0.0
19506	0.0
12544	0.0
33430	0.0
16025	0.0
29949	0.0
22987	0.0
31129	0.0
6762	0.0
17205	0.5887762707441608
24167	0.0
10243	128.01168568134625
27648	0.0
13724	0.0
3281	0.0
20686	0.0
34610	0.0
4638	0.0
22043	0.0
8119	0.0
32486	0.0
29005	0.0
25524	0.0
18562	0.0
15081	0.0
11600	0.053065583775409604
1157	2239.2972913096137
27825	0.0
31306	0.0
24344	0.0
17382	0.0
20863	0.0
34787	0.0
6939	0.0
10420	0.0
3458	0.0
21630	0.0
32073	0.0
4225	1.2219170590244266
35554	257.82873137997257
11187	0.0
28592	0.0
18149	0.0
7706	0.0
25111	0.0
14668	0.0
744	0.0
24049	0.0
34492	0.0
31011	0.0
13606	0.0
6644	0.0
17087	0.0
3163	0.0
10125	311.54174894692704
27530	3.027906218638581
34669	0.0
6821	7361.292119787272
17264	0.056838364088150226
13783	0.02127659574468085
20745	0.0
10302	0.0
27707	0.0
31188	0.0
24226	0.0
3340	156.1707706162958
14845	0.0
21807	0.0
25288	0.0
4402	847.9518318397757
11364	305.70899083425627
18326	0.0
7883	0.0
28769	0.0
32250	0.0
35731	0.0
921	3768.383271510682
