27499	0.0
3132	248.43222281684479
17056	0.5887762707441608
13575	0.0
6613	0.0
34461	1.4213475851633748
30980	0.0
10094	0.0
24018	0.0
22897	0.0
33340	0.0
2011	0.0
26378	0.0
15935	0.0
29859	0.0
12454	0.0
19416	0.0
21009	0.0
10566	0.0
123	0.0
3604	0.0
24490	0.0
14047	504.6126243676104
34933	0.0
7085	0.0
31452	0.0
17528	5.655499820801171
27971	0.0
18059	0.0
28502	0.0
654	0.0
21540	0.0
4135	0.0
7616	0.0
14578	0.0
31983	0.0
11097	0.0
25021	24.15643820751166
29092	0.0
32573	0.0
1244	0.0
22130	0.0
8206	0.0
18649	0.0
25611	0.0
15168	0.0
4725	0.0
11687	0.0
6908	229.0
3427	237.7869063444964
31275	0.0
20832	0.0
17351	0.0
24313	0.0
10389	0.0
34756	0.0
27794	229.0
12926	0.0
2483	0.04719335514401465
23369	0.0
16407	0.0
5964	0.0
26850	0.0
33812	0.0
19888	0.0
30331	0.0
29918	0.0
22956	0.0
9032	0.0
12513	0.0
5551	0.0
33399	0.0
26437	0.0
15994	0.0
5610	0.0
2129	0.0
16053	45.05945794074461
33458	0.0
29977	0.0
12572	0.0
23015	0.0
26496	0.0
19534	0.0
9091	0.0
2601	0.0
6082	0.0
23487	0.0
20006	0.0
26968	0.0
16525	151.24852145218753
30449	0.0
13044	0.0
33930	0.0
26319	0.0
1952	1064.1548208384056
5433	0.0
22838	0.0
12395	0.0
15876	0.0
33281	0.0
19357	0.0
29800	0.0
8914	125.03232464197063
31334	0.0
17410	0.0
5	28218.932079987942
13929	60.210405777683434
10448	2114.479203482055
24372	0.0
34815	0.0
3486	0.0
20891	0.0
27853	0.0
16761	0.0
2837	699.4278290272788
13280	982.7904208741265
34166	0.0
23723	0.0
20242	0.0
27204	0.0
6318	0.0
9799	0.0
30685	9.914644909728818
1008	35.20506417216182
32337	0.0
7970	0.0
11451	136.63487482629404
25375	0.0
18413	0.0
14932	0.0
28856	0.0
4489	0.0
21894	0.0
24608	0.0
241	0.0
14165	0.0
35051	0.0
17646	0.0
3722	223.8538404245707
21127	0.0
7203	0.0
10684	14.677161996530545
28089	0.0
15227	0.0
8265	0.0
25670	0.0
1303	229.0
32632	0.0
4784	229.0
29151	0.0
18708	0.0
22189	0.0
11746	0.0
21717	0.0
14755	0.0
7793	0.0
4312	0.0
831	0.0
25198	0.0
18236	0.0
35641	0.0
32160	6.145369422086768
28679	0.0
17823	0.0
28266	0.0
24785	0.0
7380	871.2609738844037
21304	0.0
14342	0.0
418	2143.3430806167776
31747	0.0
35228	0.0
3899	291.9540332510335
10861	0.0
26260	0.0
1893	0.0
8855	0.0
22779	0.0
19298	45.2375536158153
15817	0.0
33222	0.0
29741	0.0
8442	0.0
4961	0.0
15404	0.2548611111111111
1480	0.0
29328	0.0
32809	0.0
25847	0.0
11923	0.0
22366	0.0
33871	0.0
23428	0.0
26909	0.0
2542	0.0
30390	0.0
12985	0.0
6023	0.0
9504	0.0
16466	0.0
21599	0.0
32042	0.0
18118	0.0
14637	229.8985712392689
713	0.0
25080	0.0
11156	0.0
28561	0.0
4194	1842.5574636762499
35523	49.022716898128344
7675	0.0
30567	0.0
20124	0.0
6200	0.0
16643	0.0
9681	229.0
2719	634.6461776468498
13162	0.24970649898427993
34048	0.0
23605	1.0876613161660131
27086	19.615177464280798
31629	0.0
7262	0.0
300	172.9719149025418
10743	0.5049835973749016
35110	0.0
17705	0.0
24667	0.0
21186	0.0
28148	687.0
3781	697.3500176283195
33694	0.0
16289	0.0
30213	0.0
2365	0.0
26732	0.0
12808	0.0
19770	4.126630512501004
23251	0.0
5846	0.0
9327	7.756981377751702
6731	0.0
10212	0.0
3250	9.096173864076384
20655	0.0
31098	0.0
27617	0.0
17174	458.6410028424209
24136	0.0
13693	0.0
20360	0.0
6436	2601.5218013894696
9917	290.42317270826277
13398	0.0
2955	0.0
23841	0.0
16879	0.0
34284	0.0
30803	0.0
2306	0.0
30154	0.0
23192	0.9041883894576953
5787	0.0
26673	0.0
19711	458.68166315004
16230	0.0
33635	0.0
9268	0.0
8029	0.0
4548	0.0
1067	0.0
11510	0.0
14991	0.0
21953	0.0
25434	0.0
32396	0.0
28915	0.0
26024	0.0
29505	0.0
1657	0.0
12100	2.3707097863128173
5138	0.0
15581	0.0
22543	0.0
8619	0.0
34874	0.0
3545	0.0
10507	0.0
20950	0.0
13988	0.0
24431	0.0
64	0.0
31393	0.0
7026	0.0
17469	0.0
27912	0.0
23900	0.0
13457	447.46203991299734
30862	0.0
16938	0.0
3014	0.0
34343	0.0
9976	0.0
20419	0.0
6495	48.130065720274864
27381	0.0
4843	40.348625568031
1362	0.0
29210	72.08379098236188
18767	0.0
8324	0.0
15286	0.0
11805	0.0
25729	0.0
22248	0.0
19003	0.0
25965	0.0
5079	0.0
1598	2.0
32927	0.0
29446	0.0
12041	0.0
5020	0.0
29387	0.0
32868	0.0
1539	0.0
15463	0.0
18944	921.9447620598736
22425	0.0
25906	0.0
26201	0.0
12277	1610.638771158552
33163	0.0
5315	0.0
29682	0.0
15758	0.0
1834	221.8198675671912
8796	0.0
22720	0.0
19239	0.0
7144	669.9089521784268
31511	0.0
34992	0.0
17587	0.0
182	0.0
24549	0.0
10625	504.3814078202309
21068	0.0
3663	1440.835409003589
28030	0.0
22012	0.0
32455	0.0
18531	0.0
11569	0.0
25493	0.0
15050	20.733696257512836
8088	294.2031097134703
1126	0.0
28974	0.0
4607	0.0
17292	0.0
27735	0.0
6849	0.0
13811	0.0
10330	0.0
3368	7.349528743783961
34697	0.0
20773	0.0
31216	0.0
27027	229.0
20065	0.0
9622	0.0
33989	0.0
23546	0.0
2660	5364.000654836997
13103	0.0
16584	0.0
5905	133.03249517929186
19829	0.0
26791	0.0
30272	0.0
9386	0.0
23310	0.0
33753	0.0
2424	0.0
16348	0.0
12867	0.0
4902	0.0
18826	0.0
32750	0.0
15345	879.4537310348686
8383	0.0
22307	0.0
1421	853.8018207426379
11864	0.0
25788	0.0
29269	229.38250428816468
30744	0.0
16820	0.0
27263	0.0
6377	0.0
2896	69.87614572487323
23782	0.0
34225	0.0
20301	0.0
13339	5.7314900025023094
9858	0.0
4371	0.0
18295	0.0
25257	0.0
28738	0.0
14814	0.0
890	0.0
21776	0.0
7852	0.0
35700	0.0
11333	0.0
35346	0.0
10979	1.7025195249030893
17941	0.0
14460	0.0
4017	0.0
28384	0.0
536	0.0
7498	377.00897921930385
31865	0.0
21422	0.0
30095	0.0
26614	0.0
16171	16.60556479424815
12690	0.0
23133	0.0
33576	0.0
9209	0.0
19652	0.0
2247	0.0
27676	0.0
17233	0.0
6790	1748.8224266723773
31157	0.0
24195	0.0
3309	230.6048643740034
10271	0.0
13752	0.0
14696	0.0
4253	0.6526274420944921
32101	0.0
11215	0.0
7734	456.0
35582	0.0
25139	0.0
18177	0.0
28620	0.0
772	0.0
21658	0.0
14401	0.0
3958	1.7644026465718041
28325	0.0
21363	0.0
35287	0.0
7439	0.0
31806	0.0
477	729.3208653068683
24844	0.0
23664	0.0
27145	0.0
6259	0.0
16702	0.0
30626	0.0
20183	0.0
13221	0.0
34107	0.0
2778	2146.7275396492023
9740	103.19643692610619
15109	0.0
4666	0.0
18590	0.0
8147	231.05827979606022
29033	0.0
11628	0.0
25552	0.0
1185	0.0
22071	0.0
4076	0.0
24962	0.0
7557	336.7861661056465
35405	0.0
31924	0.0
14519	0.0
21481	0.0
18000	0.0
28443	0.0
595	0.0
31039	0.0
27558	0.0
17115	0.0
34520	0.0
24077	0.0
6672	0.0
13634	0.0
10153	0.0
3191	13.803907594195516
23959	0.0
20478	0.0
16997	0.0
13516	0.0
34402	0.0
30921	0.0
6554	0.0
3073	193.90064394593975
10035	1195.6575211444872
15640	0.0
8678	0.0
26083	0.0
5197	0.0
29564	0.0
1716	0.0
19121	0.0
12159	0.0
33045	0.0
22602	0.0
17764	0.0
10802	916.0
28207	0.0
31688	0.0
3840	0.0
7321	36.77964557003066
35169	0.0
359	45652.527052022546
24726	0.0
21245	0.0
16112	0.0
5669	0.0
26555	0.0
30036	0.0
9150	0.0
2188	10261.199494595658
7911	0.0
32278	0.0
21835	0.0
25316	0.0
18354	0.0
35759	0.0
4430	230.0
14873	1342.1511096428296
28797	0.0
949	1133.6923555299952
11392	0.0
33104	0.0
8737	0.0
19180	0.0
12218	0.0
26142	0.0
22661	0.0
5256	0.0
15699	0.0
29623	0.0
1775	0.0
