2547	0.0
33876	0.0
26914	0.0
16471	0.0
23433	1145.0
19952	0.0
30395	0.0
6028	101.95143223275751
1249	0.0
15173	0.0
8211	0.0
11692	118.8779179764271
18654	0.0
25616	0.0
4730	0.0
29097	0.0
32578	0.0
25262	0.0
28743	0.0
21781	0.0
14819	0.0
4376	0.0
11338	0.0
7857	0.0
35705	0.0
10807	0.0
24731	0.0
364	172.7865860643275
17769	0.0
3845	242.59588770773897
31693	0.0
14288	0.0
28212	916.0
21250	0.0
7326	142.59356611627203
35174	0.0
3078	1144.9615337078853
30926	0.0
27445	1256.6059183300606
10040	0.0
17002	0.0
23964	0.0
13521	0.0
25557	0.0
22076	0.0
4671	0.0
18595	0.0
11633	0.0
1190	343.45242063637636
8152	1951.7297987875234
15114	0.0
29038	0.0
32519	0.0
2724	704.956909236363
23610	0.0
20129	0.0
9686	0.0
34053	0.0
16648	4.454602679301853
27091	0.0
6205	229.0
13167	0.0
27917	0.0
31398	0.0
34879	0.0
69	404382.2640010782
17474	0.0
20955	0.0
24436	0.0
10512	0.0
13993	0.0
3550	492.1482881597811
22548	0.0
1662	270.55079602077194
5143	0.0
8624	0.0
15586	0.0
32991	0.0
26029	0.0
19067	0.08585055643879173
12105	0.0
29510	0.0
35528	0.0
14642	0.0
7680	313.3034042566232
718	852.0403611039087
4199	728.0525832968866
21604	0.0
11161	0.0
32047	0.0
25085	0.0
21368	0.0
24849	0.0
10925	0.0
482	714.4989842196419
3963	0.0
17887	245.1623081258763
14406	0.0
7444	0.0
31811	0.0
35292	0.0
28330	0.0
12459	0.0
5497	0.0
22902	0.0
19421	0.0
8978	93.37107781396735
26383	0.0
26442	0.0
9037	0.0
5556	2.4457009471932243
19480	2.119621610548951
15999	150.03181610853588
12518	0.0
33404	0.0
2075	0.0
29923	0.0
22961	0.0
20188	0.0
16707	0.0
6264	497.48375502322
2783	150.31137772969774
23669	0.0
13226	0.0
30631	0.0
27150	0.0
34112	0.0
9745	0.0
19244	0.0
29687	0.0
1839	0.0
33168	0.0
5320	193.95390952035268
26206	0.0
15763	0.0
22725	0.0
8801	229.0
12282	0.0
31162	0.0
10276	0.0
17238	0.5887762707441608
20719	0.0
34643	0.0
27681	0.0
3314	0.0
24200	0.0
13757	0.0
6795	173.43939957097308
28979	0.0
25498	0.0
11574	0.0
18536	0.0
15055	0.0
4612	977.6663235510691
8093	0.0
1131	687.0686612646117
22017	0.0
32460	0.0
28094	0.0
3727	1174.8301512104028
35056	0.0
10689	0.0
21132	0.0
31575	0.0
246	52681.91546640141
17651	0.0
24613	0.0
7208	0.0
4553	0.0
18477	0.0
14996	0.0
25439	0.0
1072	2049.8472778290916
28920	0.0
11515	268.8668133947341
32401	0.0
8034	483.5318129586033
21958	0.0
30808	0.0
2960	260.9665252088641
20365	0.0
34289	572.5
9922	256.3860643071463
27327	0.0
16884	9.885014169970162
23846	0.0
31870	0.0
28389	0.0
7503	687.0
35351	0.0
541	0.0
4022	0.0
10984	0.0
14465	614.8731130415875
21427	0.0
24908	0.0
3609	748.3193134586202
27976	0.0
34938	0.0
17533	35.42291192390083
128	0.0
14052	0.0
31457	0.0
21014	0.0
24495	0.0
7090	0.0
30336	0.06487424924924926
5969	1096.1333399711298
33817	0.0
2488	83.00740949695259
19893	0.0
16412	0.0
34348	0.0
30867	0.0
3019	736.4209000967867
27386	0.0
9981	1420.5361786052138
23905	0.0
13462	1657.2773171887002
16943	10.31091348304463
6500	0.0
5910	0.0
9391	0.0
23315	76.33333333333333
12872	0.0
16353	0.0
26796	0.0
19834	0.0
30277	328.82866495882064
7916	0.0
14878	1374.0
25321	93.29495495728253
954	0.0
4435	0.0
32283	0.0
28802	1.0287470161469459
35764	0.0
11397	0.0
21840	0.0
17120	0.5887762707441608
20601	0.0
6677	0.0
24082	0.0
10158	0.0
3196	139.18629222181653
34525	0.0
31044	0.0
13639	229.0
22253	7.341089571549683
11810	0.0
8329	0.0
1367	4.914184058572637
29215	0.0
25734	0.0
32696	0.0
4848	0.0
23256	0.0
2370	0.0
5851	0.0
33699	0.0
19775	0.0
16294	0.0
12813	0.0
26737	0.0
30218	0.0
9332	0.0
31221	0.0
24259	0.0
27740	0.0
34702	0.0
6854	81.13297932105776
17297	0.0
10335	0.0
20778	0.0
13816	89.29730040508593
22666	0.0
8742	0.0
5261	0.0
33109	0.0
1780	0.0
19185	1.8615487906607195
12223	0.0
29628	0.0
16117	0.0
26560	0.0
23079	0.0
5674	0.0
30041	0.0
33522	0.0
9155	24.390916274970596
24377	0.0
20896	0.0
31339	0.0
10	0.0
13934	0.0
27858	0.0
34820	0.0
11102	51.28505311153746
7621	0.0
31988	0.0
4140	3.1786894796406844
659	0.0
14583	916.0
21545	0.0
35469	0.0
28507	0.0
25026	0.0
18064	0.0
20660	0.0
27622	79.6634553526877
6736	0.0
24141	0.0
13698	4.555594445701535
3255	1164.980467954819
17179	229.0
31103	0.0
10217	0.0
26265	0.0
8860	0.0
12341	0.0
15822	0.0
33227	0.0
5379	0.0
22784	0.0
22843	0.0
29805	0.0
19362	0.0
33286	0.0
26324	0.0
8919	0.0
1957	0.0
15881	0.0
12400	0.0
23728	1.0876613161660131
20247	0.0
6323	0.0
30690	0.0
16766	0.0
9804	45.66794472286768
2842	0.0
13285	0.0
34171	0.0
15468	0.0
22430	0.0
25911	0.0
18949	0.0
29392	0.0
11987	0.0
8506	0.0
1544	0.0
32873	0.0
5025	31.913878260053092
23787	0.0
13344	0.0
2901	93.73250758250427
30749	0.0
16825	0.0
20306	0.0
34230	0.0
27268	1832.0
6382	0.0
25144	0.0
14701	0.0
32106	0.0
28625	0.0
11220	0.0
4258	7069.844860293006
18182	0.0
777	0.0
21663	0.0
35587	0.0
7739	0.0
1426	10.091772317301519
18831	0.0
29274	0.0
32755	0.0
4907	0.0
15350	419.6417186488123
25793	0.0
22312	0.0
11869	460.76046712760603
4789	1985.9844072643439
29156	0.0
1308	0.0
25675	0.0
8270	0.159535091621256
11751	0.0
32637	0.0
22194	0.0
18713	0.0
25852	0.0
15409	0.0
8447	0.0
32814	0.0
11928	250.35720790778618
1485	184.29585827180009
18890	0.0
4966	0.0
29333	0.23846153846153847
24023	464.71865970290213
10099	0.0
34466	0.6818181818181818
27504	0.0
30985	0.0
17061	0.0
20542	960.7269689769829
3137	14.97215907586439
6618	0.0
13580	0.0
20011	0.0
16530	0.0
13049	0.0
26973	0.0
23492	0.0
30454	0.0
33935	0.0
6087	0.0
7267	0.0
10748	5.652167095514649
3786	0.0
21191	0.0
31634	0.0
17710	0.0
305	236.4923144475504
28153	0.0
13108	0.0
30513	0.0
20070	0.0
16589	0.0
23551	0.0
33994	0.0
6146	0.0
2665	0.0
27032	0.0
19126	0.0
5202	0.0
8683	0.0
26088	0.0
33050	0.0
15645	0.0
29569	0.0
12164	0.0
22607	0.0
1721	0.0
14524	2326.475317244559
4081	285.40847501552656
24967	1.4759142614037541
31929	0.0
21486	0.0
600	0.0
11043	0.0
7562	189.97287529395865
17828	0.0
28271	0.0
10866	0.0
14347	0.0
21309	0.0
7385	3153.7784672153234
31752	0.0
423	0.0
24790	0.0
3904	0.0
16058	0.0
9096	0.0
26501	0.0
33463	0.0
12577	0.0
29982	0.0
19539	0.0
5615	0.0
2134	84391.91446887283
23197	0.0
5792	0.0
30159	0.0
12754	0.0
16235	258.29855092168316
33640	0.0
2311	542.5873229671876
19716	0.0
21073	0.0
17592	0.0
24554	0.0
28035	0.0
34997	0.0
3668	0.0
10630	0.0
187	0.0
7149	735.4482959065248
14111	0.0
21899	0.0
25380	0.0
28861	0.0
4494	0.0
18418	0.0
32342	0.0
11456	0.0
14937	214.64301836373443
1013	252.07112031934608
7975	0.0
13875	0.0
31280	0.0
24318	0.0
27799	34.349412609176774
10394	0.0
20837	0.0
34761	0.0
6913	0.0
17356	11.0174958297497
3432	0.0
33581	0.0
23138	0.0
19657	0.0
9214	0.0
30100	0.0
26619	0.0
16176	0.0
12695	0.0
2252	0.2999431092302779
25970	0.0
32932	0.0
22489	0.0
12046	0.0
5084	0.0
8565	0.0
1603	0.0
19008	0.0
35646	0.0
7798	8.847442784631063
28684	0.6251954660022034
14760	0.0
32165	0.0
11279	0.0
4317	0.0
21722	0.0
25203	0.0
18241	0.0
