4321	0.0
21726	0.0
14764	0.0
35650	0.0
7802	229.0
18245	0.0
28688	0.1800283367604959
32169	0.0
25207	0.0
14705	0.0
781	0.0
21667	0.0
11224	0.0
18186	0.0
25148	0.0
4262	0.0
32110	0.0
30753	0.0
6386	0.0
2905	38.46020492434475
34234	0.0
20310	0.0
27272	24.517831054121313
9867	0.0
16829	325.8655818788791
23791	0.0
1784	0.0
8746	0.0
19189	0.0
15708	0.0
5265	0.0
29632	0.0
33113	0.0
26151	0.0
22670	0.0
17891	0.0
28334	22947.999999999996
7448	0.0
14410	0.0
486	32.741987765183524
10929	18.63093148946689
35296	0.0
31815	0.0
3967	321.6403297920044
21372	0.0
24145	0.0
10221	0.0
3259	1387.9981600239405
17183	9.296237899225998
34588	0.0
6740	0.0
31107	0.0
27508	0.0
3141	451.32225939729295
24027	0.0
20546	0.0
13584	0.0
6622	0.0
10103	0.0
30989	0.0
17065	0.5887762707441608
34470	0.0
25266	0.0
11342	0.0
35709	0.0
28747	279.59437090619207
14823	0.0
21785	0.0
7861	0.0
4380	541.4072814277624
35119	0.0
309	5158.080139880587
14233	0.0
7271	0.0
21195	0.0
24676	0.0
10752	0.0
3790	4854.385471570215
11047	0.0
21490	0.0
604	458.0
24971	0.0
28452	0.0
7566	0.0
18009	0.0
35414	0.0
4085	13234.560328361566
8451	0.0
1489	10787.911133312302
22375	0.0
29337	0.0
18894	0.0
11932	0.0
32818	0.0
15413	0.0
25856	0.0
4970	0.0
25915	0.0
5029	0.0
29396	0.0
1548	0.0
32877	0.0
11991	0.0
22434	0.0
18953	0.0
8510	347.06977484039015
2079	2.162039326124062
16003	0.0
29927	0.0
9041	0.0
22965	0.0
26446	0.0
33408	0.0
19484	0.0
12522	43.414344395051295
5560	0.0
1076	386.22008135476364
32405	0.0
21962	0.0
15000	0.0
8038	0.0
25443	36.33016397561637
28924	0.0
14587	0.0
663	0.0
21549	0.0
28511	0.0
35473	621.6766611514521
7625	0.0
25030	0.0
18068	0.0
31992	0.0
4144	6.352486920604021
11106	0.0
6327	0.0
2846	9.547407082416512
30694	0.9629155181196051
9808	588.2375622188629
13289	0.0
20251	0.0
34175	0.0
16770	0.0
27213	0.0
23732	0.0
8392	229.0
29278	0.0
32759	0.0
1430	319.1569936969312
25797	0.0
15354	0.0
18835	0.0
22316	0.0
12758	0.0
33644	27.760779071674683
16239	0.0
5796	0.0
23201	0.0
2315	545.5960872767433
26682	0.0
30163	150.72604260555602
31520	0.0
10634	0.0
3672	0.0
191	6.894893493443231
21077	0.0
28039	0.0
14115	0.0
24558	0.0
35001	0.0
17596	0.5887762707441608
12699	0.0
2256	748.1531453288491
33585	0.0
26623	0.0
16180	0.0
30104	208.05435282782727
9218	583.8461338305179
19661	0.0
8923	0.0
33290	0.0
12404	0.0
1961	0.0
15885	1.1897343434232768
29809	0.0
22847	0.0
26328	0.0
19366	10.566028416028416
5442	0.0
31402	0.0
13997	0.0
3554	3331.5206845966736
27921	0.0
73	0.0
10516	0.0
7035	0.0
17478	0.0
24440	0.0
20959	0.0
6917	0.0
27803	0.0
10398	0.0
34765	0.0
17360	0.0
3436	0.0
13879	6.7358683759538005
24322	0.0
20841	0.0
33998	0.0
9631	0.0
16593	0.0
2669	0.0
30517	0.0
20074	0.0
13112	0.0
23555	0.0
33939	0.0
23496	458.0
6091	5865.068536479483
13053	0.0
30458	0.0
20015	0.0
9572	0.0
26977	0.0
16534	0.0
7979	0.0
32346	1.2801307083112705
11460	458.0
21903	0.0
28865	0.16173461519276103
1017	83.50790926258762
14941	229.0
25384	0.0
30045	0.0
12640	0.0
9159	0.0
16121	0.0
33526	0.0
19602	0.0
26564	0.0
23083	0.0
5088	0.0
15531	0.0
1607	41770.72671389683
19012	0.0
8569	0.0
25974	0.0
22493	0.0
32936	0.0
12050	0.0
33231	5.770850913117633
8864	0.0
29750	0.0
1902	0.0
19307	0.0
15826	0.0
26269	0.0
22788	0.0
12876	0.0
26800	0.0
9395	0.0
19838	0.0
2433	2262.8378881167396
30281	0.0
16357	151.3890389114605
5914	0.0
23319	0.0
17242	0.0
20723	0.0
10280	962.328151903308
6799	0.0
31166	0.0
34647	0.0
27685	687.0
24204	52.18050889737988
21254	0.0
35178	0.0
14292	0.0
10811	0.0
3849	68.59463366044328
368	0.0
28216	0.0
7330	0.0
17773	0.0
31697	0.0
23378	0.0
26859	1.8679054176260217
12935	333.6833047363874
5973	52.24876784618636
2492	0.0
30340	0.0
16416	0.0
9454	0.0
19897	0.0
33821	0.0
20782	0.0
6858	0.0
3377	776.9893698276745
31225	0.0
24263	0.0
27744	0.0
34706	0.0
10339	0.0
32641	229.0
8274	62.06043836605138
1312	0.0
29160	0.0
22198	0.0
15236	0.0
18717	0.5579877141460565
11755	0.0
4793	0.0
25679	0.0
17950	0.0
24912	0.0
4026	91.49571462494296
21431	0.0
28393	0.0
545	13050.766783228077
7507	0.0
35355	0.0
31874	0.0
10988	0.0
27449	0.0
20487	0.0
13525	5.685555459187315
34411	0.0
23968	0.0
30930	0.0
6563	0.0
3082	0.0
10044	0.0
17006	0.0
15590	0.0
32995	0.0
19071	0.0
8628	0.0
26033	0.0
29514	0.0
12109	0.0
22552	0.0
1666	0.0
21608	0.0
28570	0.0
32051	0.0
11165	0.0
4203	763.4502644735596
25089	0.0
18127	0.0
722	11.632765829948829
14646	0.0
35532	1146.6708429982373
7684	0.0
19130	0.0
5206	0.0
29573	0.0
12168	0.0
26092	0.0
1725	88.30771246957774
22611	0.0
33054	0.0
15649	0.0
7389	0.0
14351	0.0
3908	1625.445603295957
35237	0.0
10870	0.0
17832	0.0
427	135677.0686098101
28275	0.0
21313	0.0
31756	0.0
15059	0.0
22021	0.0
18540	0.0
25502	0.0
11578	0.0
8097	0.0
1135	0.0
28983	687.0
4616	0.0
10162	0.0
31048	0.0
17124	8.278979942582518
34529	0.0
6681	0.0
24086	0.0
13643	0.0
20605	0.0
26505	0.0
9100	0.0
16062	0.0
2138	1690.5922544702134
23024	0.0
5619	0.0
12581	0.0
24617	0.0
3731	687.0
14174	0.0
10693	520.222199191017
7212	0.0
17655	0.0
35060	0.0
31579	0.0
21136	0.0
28098	0.0
250	5895.397381194226
32287	0.0
11401	0.0
14882	0.0
4439	2.9726532302727344
7920	0.0
25325	52.424546432227
21844	0.0
958	0.0
28806	0.1800283367604959
18363	0.0
27862	0.0
10457	0.0
31343	0.0
34824	0.0
13938	74.08446029917708
24381	0.0
17419	0.0
6976	940.8422288841664
14	0.0
20900	0.0
16652	0.0
6209	0.0
34057	0.0
30576	0.0
27095	0.0
9690	259.07967373644647
20133	22.550789876321765
2728	8139.810616931948
13171	0.0
26741	0.0
5855	0.0
30222	0.0
19779	0.0
23260	0.0
9336	0.0
2374	0.0
12817	0.0
32523	0.0
18599	0.0
25561	0.0
15118	0.0
22080	0.0
11637	0.0
4675	3536.041624753729
8156	0.0
1194	0.0
17537	1.5426224245903153
24499	0.0
27980	43.565105845164865
31461	0.0
21018	0.0
3613	0.0
7094	509.87712740857626
34942	0.0
132	459.1283308239363
10575	0.0
11696	0.0
29101	0.0
18658	0.0
32582	0.0
15177	0.0
8215	0.0
22139	0.0
25620	0.0
1253	45.79849390821639
34293	0.0
27331	0.0
20369	363.4030238803289
6445	3.9749063181796735
23850	0.0
13407	0.0
30812	0.0
2964	194.65325064826638
9926	0.0
13466	0.0
6504	763.3333333333351
34352	0.0
27390	0.0
20428	0.0
16947	0.0
23909	0.0
30871	6.606448241004052
3023	6.540084561768448
9985	0.0
8805	0.0
26210	0.0
12286	0.0
15767	0.0
29691	0.0
19248	0.0
5324	0.0
1843	42.4379553067196
33172	0.0
18776	0.0
32700	38.77958712189528
15295	0.0
4852	0.0
8333	0.0
22257	0.0
29219	0.0
25738	0.0
1371	0.0
30635	0.0
16711	0.0
6268	0.0
20192	0.0
9749	18.90185879322773
34116	0.0
27154	0.0
2787	0.0
26387	0.0
8982	0.0
12463	0.0
5501	0.0
29868	0.0
2020	0.0
22906	0.0
15944	14.832979766933343
6032	7798.562580097975
23437	0.0
16475	0.0
26918	0.0
9513	0.0
30399	0.0
2551	0.0
