3420	0.0
17344	0.0
20825	0.0
31268	0.0
10382	0.0
6901	0.0
24306	41.89635505088777
34749	0.0
2771	801.4351037499126
27138	0.0
13214	388.30134854749747
6252	0.0
16695	2.81306105301362
9733	0.0
23657	613.5631772508831
30619	0.0
20176	0.0
9143	0.0
2181	107.73744931956965
12624	0.0
30029	0.0
33510	0.0
16105	0.0
23067	0.0
26548	0.0
5662	0.0
2712	0.0
34041	0.0
27079	0.0
16636	0.0
9674	0.0
13155	687.0
6193	0.0
23598	0.0
20117	2194.51931811309
30560	0.0
1414	739.4174607890118
15338	0.0
32743	0.0
11857	278.0158141118384
25781	0.0
8376	64.66904642637441
18819	0.0
29262	0.6176470588235294
18170	0.0
32094	0.0
21651	0.0
4246	1324.069327482318
28613	0.0
11208	0.0
25132	65.68712358497665
14689	0.0
35575	0.0
7727	0.0
28082	0.0
234	0.0
10677	0.0
24601	0.0
35044	0.0
14158	0.0
3715	363.73380366580113
7196	1805.9584800512616
17639	0.0
31563	0.0
21120	0.0
35221	0.0
3892	765.1802822669497
411	0.0
21297	0.0
31740	0.0
14335	0.0
17816	0.0
7373	0.0
28259	0.0
22654	0.0
8730	0.0
33097	0.0
12211	0.0
15692	0.0
29616	0.0
19173	0.0
26135	0.0
5249	0.0
2476	0.0
33805	0.0
16400	0.0
26843	0.0
9438	0.0
23362	0.0
12919	0.0
5957	0.0
30324	0.0
19881	0.0
34395	0.0
3066	19.95354021979504
6547	0.0
16990	0.0
23952	0.0
27433	0.0
30914	1.591243837108062
10028	6.4653736573990495
13509	503.218320263084
26253	0.0
1886	1372.374822171663
33215	0.0
12329	0.0
15810	0.0
8848	0.0
29734	0.0
19291	0.0
20058	0.0
2653	0.0
16577	871.2730310230171
33982	0.0
23539	0.0
13096	0.0
6134	5416.3276901540075
30501	0.0
27020	0.0
5603	0.0
23008	0.0
2122	0.0
29970	0.0
26489	0.0
33451	0.0
19527	0.0
9084	0.0
18878	0.0
4954	0.0
29321	0.0
1473	0.0
15397	186.93187230179325
25840	0.0
22359	0.0
32802	0.0
11916	0.0
23244	0.0
33687	0.0
19763	0.0
26725	0.0
30206	0.0
12801	0.0
16282	0.0
9320	229.0
5839	605.0971558232831
7963	456.52883610334544
21887	0.0
35811	0.0
1001	116.44946335304067
32330	0.0
11444	21.876071556994557
4482	124.61959059421163
14925	0.0
28849	0.0
25368	1.4638048576442053
9851	0.0
23775	139.15590629157248
6370	0.0
2889	0.0
27256	0.0
30737	0.0
16813	30.651908107706213
34218	0.0
20294	0.0
13332	0.0
7078	0.0
14040	36.963911603639815
116	0.0
24483	0.0
10559	31.803536806023878
3597	495.66062266971505
27964	0.0
21002	0.0
31445	0.0
10441	0.0
17403	0.5887762707441608
3479	0.0
13922	385.6474391701669
20884	0.0
24365	229.0
31327	0.0
34808	0.0
27846	0.0
6960	0.0
20353	0.0
16872	0.0
9910	0.0
27315	0.0
2948	133.28917840879245
30796	0.0
13391	0.0
6429	0.0
23834	1221.04271569688
34277	0.0
21238	0.0
10795	0.0
7314	32.67421916487565
31681	0.0
35162	0.0
3833	0.5517215921098751
17757	0.0
28200	0.0
14276	0.0
352	38845.101200185
24719	0.0
13568	0.0
24011	0.0
6606	0.0
20530	0.0
3125	0.0
17049	0.0
27492	0.0
30973	0.0
34454	0.0
10087	0.0
9556	0.0
16518	0.0
23480	0.0
2594	0.0
6075	0.0
30442	0.0
26961	0.0
33923	0.0
19999	0.0
13037	229.0452544031311
29026	0.0
1178	0.0
32507	0.0
18583	0.0
25545	0.0
15102	0.0
22064	0.0
8140	119.1631946412466
32566	0.0
29085	0.0
4718	35.21295624636145
15161	0.0
1237	387.0474210950486
22123	0.0
18642	0.0
25604	0.0
11680	0.0
8199	236.4097390431642
11149	0.0
18111	0.0
4187	129.2432283731991
21592	0.0
35516	0.0
25073	0.0
32035	0.0
706	0.0
7668	0.0
14630	0.0
28554	0.0
8494	0.0
29380	0.0
15456	0.0
18937	0.0
11975	0.0
1532	5684.833407091167
5013	238.09079568096234
25899	0.0
22418	0.0
28672	0.0
11267	0.0
32153	0.0
4305	0.0
25191	0.0
824	0.0
35634	0.0
7786	0.0
18229	0.0
21710	0.0
14748	0.0
22949	0.0
26430	0.0
12506	0.0
5544	0.0
33392	0.0
9025	0.0
15987	0.0
2063	0.0
29911	0.0
19468	0.0
4364	0.0
21769	0.0
35693	0.0
7845	0.0
28731	229.2753623188406
883	110.29759463354767
25250	0.0
14807	0.0
11326	128.96926964238043
20235	0.0
34159	0.0
30678	0.0
23716	0.0
2830	1617.6543269519439
13273	0.0
9792	0.0
16754	0.0
27197	0.0
6311	0.0
33156	0.0
12270	0.0
1827	0.0
15751	0.0
19232	0.0
8789	0.0
32684	0.0
15279	0.0
11798	0.0
8317	0.0
18760	262.9074193469717
25722	0.0
4836	626.4443492146013
29203	0.0
23303	0.0
33746	0.0
16341	0.0
5898	0.0
2417	627.5414791490426
30265	0.0
19822	0.0
9379	0.0
30383	0.0
9497	0.0
23421	0.0
16459	0.0
6016	0.0
19940	0.0
33864	0.0
26902	0.0
9261	6.280390483532924
30147	0.0
12742	0.0
26666	0.0
23185	0.0
16223	43.83693783014338
19704	0.0
33628	0.0
13627	0.0
31032	0.0
34513	0.0
17108	0.0
3184	1183.1840286631361
6665	0.0
20589	0.0
10146	0.0
24070	418.97810425091
10618	0.0
17580	0.0
7137	0.0
24542	0.0
34985	0.0
175	1968.9871027478914
28023	263.79638340943427
21061	0.0
35398	0.0
31917	0.0
21474	0.0
28436	0.0
588	0.0
11031	0.0
17993	0.0
4069	347.58680943799305
14512	51.403910381474475
24955	0.0
12152	0.0
15633	0.0
8671	0.0
5190	0.0
29557	0.0
19114	0.0
33038	3.085537805360297
22595	0.0
26076	2534.138406190486
3538	0.0
13981	333.8923773651606
10500	0.0
31386	0.0
20943	0.0
34867	0.0
27905	0.0
57	51.10237134384176
24424	0.0
17462	0.0
7019	0.0
24247	0.0
10323	0.0
13804	0.0
20766	0.0
17285	0.0
27728	0.0
3361	0.0
34690	0.0
6842	0.0
31209	0.0
15574	0.0
32979	0.0
19055	0.0
1650	70.68393836295381
5131	458.0
12093	0.0
29498	0.0
26017	0.0
8612	0.0
22536	0.0
12034	104.61733660666647
22477	0.0
18996	0.0
5072	0.0
25958	0.0
8553	0.0
1591	25165.861517871363
32920	0.0
29439	0.0
11739	0.0
8258	0.0
1296	0.014285714285714285
18701	0.0
4777	0.0
25663	0.0
29144	0.0
30088	0.0
19645	0.0
23126	0.0
33569	0.0
2240	0.0
26607	0.0
16164	0.0
12683	14.611466664412127
5426	0.0
29793	0.0
15869	0.0
22831	0.0
12388	86.06147015292701
33274	0.0
19350	0.0
8907	0.0
1945	0.0
23893	0.0
6488	0.0
20412	2061.0
34336	0.0
16931	0.0
3007	416.6667971502709
27374	0.0
9969	124.27036568436615
13450	0.0
6724	1.1750976786471854
31091	0.0
10205	0.0
17167	0.0
27610	0.0
3243	21.845046252637704
13686	26.015466809729723
24129	0.0
34572	0.0
10972	0.0
14453	0.0
7491	0.9703176564147926
31858	0.0
24896	0.0
17934	0.0
28377	0.0
4010	0.0
529	236.91288082606715
21415	0.0
4541	0.0
32389	0.0
14984	0.0
28908	0.0
25427	0.0
1060	114.5
11503	0.0
18465	0.0
18052	0.0
28495	0.0
31976	0.0
21533	0.0
25014	0.0
11090	0.0
7609	0.0
647	28.554854232859434
35457	0.0
14571	0.0
4128	0.0
32448	0.0
25486	0.0
18524	0.0
11562	7.252303275551323
4600	0.0
8081	0.0
15043	0.0
10736	0.0
7255	0.0
3774	318.51697944787776
14217	0.0
35103	0.0
31622	0.0
17698	0.0
28141	0.0
21179	0.0
293	990.3079008408274
27669	0.0
31150	0.0
24188	44.52790816659619
13745	0.0
10264	0.0
6783	98.08596205854889
20707	0.0
17226	0.0
3302	2733.606583903639
35752	0.0
4423	0.0
11385	0.0
21828	0.0
25309	0.0
28790	0.0
14866	0.0
7904	0.0
32271	0.0
3951	0.0
21356	0.0
17875	0.0
24837	0.0
10913	623.1755468674825
28318	0.0
14394	0.0
35280	0.0
470	475.60380573693953
31799	0.0
7432	0.0
29852	0.0
15928	0.0
26371	0.0
12447	0.0
2004	0.0
8966	0.0
33333	0.0
