33173	0.0
1844	0.0
22730	0.0
26211	0.0
15768	0.0
29692	0.0
12287	9.32489181257122
19249	0.0
8806	0.0
900	0.0
28748	0.2753623188405797
18305	0.0
25267	0.0
32229	0.0
21786	0.0
14824	0.0
35710	0.0
4381	0.0
7862	0.0
2611	0.0
33940	0.0
26978	0.0
13054	0.0
9573	0.0
6092	0.0
23497	0.0
30459	0.0
20016	0.0
16535	0.0
1431	185.09993212490232
8393	0.0
29279	0.0
25798	238.364194066414
15355	0.0
11874	0.0
18836	216.65686948137903
32760	0.0
22317	0.0
5030	0.0
29397	0.0
22435	0.0
15473	0.7560353706557543
1549	0.0
32878	0.0
11992	0.0
8511	372.64607223976907
25916	0.0
18954	0.0
2965	79.9508200530147
23851	0.0
16889	244.92259635302278
30813	0.0
20370	0.0
6446	1367.1445000597082
9927	0.0
27332	229.0
34294	0.0
12641	0.0
19603	0.0
2198	0.0
26565	0.0
5679	0.0
33527	0.0
23084	0.0
9160	2906.8799848958834
30046	0.0
16122	0.0
3142	0.0
10104	0.0
24028	0.0
27509	0.0
20547	0.0
6623	76.33333333333333
34471	0.0
17066	7.890539411237582
10635	67.6041390131154
192	0.0
17597	0.0
31521	0.0
21078	0.0
28040	0.0
24559	0.0
3673	46.33668007672087
14116	0.0
7154	0.0
3437	0.0
34766	0.0
6918	0.0
24323	0.0
10399	0.0
13880	0.0
20842	0.0
17361	0.5887762707441608
33704	0.0
30223	0.0
2375	0.0
26742	0.0
16299	0.0
23261	0.0
12818	0.0
19780	0.0
5856	0.0
22612	0.0
1726	0.0
26093	0.0
19131	0.0
33055	0.0
29574	0.0
12169	0.0
15650	0.0
9632	0.0
2670	0.0
20075	0.0
30518	0.0
6151	0.0
23556	0.0
33999	0.0
13113	356.01627232076055
16594	0.0
2316	0.0
26683	0.11140583554376658
5797	1145.0
23202	0.0
19721	0.0
30164	0.0
9278	0.0
33645	0.0
12759	0.0
16240	0.0
22907	0.0
12464	0.0
29869	0.0
2021	0.0
26388	0.0
8983	0.0
5502	0.0
33350	688.3973487490217
19426	0.0
15945	0.0
1372	0.0
18777	0.0
15296	0.0
11815	0.0
8334	0.0
4853	687.6269031692947
22258	0.0
32701	0.0
25739	0.0
29220	0.0
18246	0.0
841	0.0
25208	0.0
4322	0.0
21727	0.0
14765	0.0
7803	0.0
28689	0.0
35651	0.0
32170	0.0
22789	0.0
1903	0.0
8865	0.0
33232	0.0
19308	0.0
15827	156.98001207227307
26270	0.0
4027	3.435479886176121
31875	0.0
7508	250.8284844453937
546	268.1573201288389
14470	2172.2754794984808
21432	0.0
35356	0.0
24913	0.0
10989	0.0
26919	0.0
30400	0.0
2552	0.0
19957	0.0
23438	0.0
16476	547.7264336227665
12995	0.0
9514	230.58722287166225
6033	264.3019611704599
35474	0.0
4145	54.38036101931235
7626	0.0
18069	0.0
664	22.448528434131283
11107	0.0
31993	0.0
25031	0.0
14588	141.78162894500318
21550	0.0
21196	0.0
310	36630.0971104947
10753	0.0
28158	0.0
24677	0.0
7272	5132.898169844348
3791	32.0517760083283
6741	738.9648723971189
20665	0.0
17184	0.0
3260	0.0
13703	130.9272074823884
10222	0.0
24146	0.0
31108	0.0
34589	0.0
27627	0.0
17007	0.0
6564	0.0
10045	0.0
23969	0.0
3083	49.748018723501225
30931	0.0
13526	0.0
34412	0.0
20488	0.0
14942	0.0
11461	0.0
4499	0.0
18423	0.0
7980	610.9499776199577
21904	0.0
25385	1145.0
1018	82.16782339356895
28866	0.0
32347	0.0
11048	0.0
7567	0.0
24972	0.0
31934	0.0
605	0.0
21491	0.0
35415	0.0
4086	298.22484038844493
24441	0.20916942436186584
17479	0.0
74	0.0
27922	0.0
13998	0.0
3555	2210.968230450283
20960	0.0
31403	1946.5
34884	114.5
16712	0.0
27155	0.0
2788	133.9229094032326
20193	0.0
9750	0.0
6269	0.0
23674	684.0
34117	0.0
13231	1030.5
30636	0.0
25621	0.0
1254	0.0
11697	0.0
29102	0.0
22140	0.0
8216	0.0
18659	0.0
4735	0.0
32583	0.0
14706	0.0
21668	0.0
782	0.0
4263	3.8655913978494625
32111	0.0
35592	233.18446205236998
11225	0.0
25149	0.0
5089	379.53412859387066
19013	0.0
32937	0.0
1608	2586.260506695411
8570	0.0
12051	0.0
15532	0.0
25975	0.0
5974	647.9773504875865
16417	96.71106777927706
33822	0.0
2493	0.0
19898	0.0
23379	0.0
26860	0.0
9455	0.0
30341	0.0
12936	525.4426501622293
25090	0.0
11166	0.0
14647	0.0
7685	10.904761904761875
4204	0.0
32052	0.0
28571	0.0
35533	115.72058777027524
21609	0.0
723	229.0
23910	0.0
13467	0.0
9986	0.0
20429	0.0
27391	0.0
16948	0.0
3024	53.170990363585545
34353	0.0
30872	0.0
6505	0.0
18541	0.0
4617	0.41562375245929256
25503	0.0
22022	0.0
28984	0.0
1136	0.0
11579	0.0
8098	0.0
15060	0.0
32465	0.0
8629	0.0
12110	50.58711321830683
15591	0.0
22553	0.0
19072	692.8497883675548
5148	0.0
26034	0.0
1667	0.0
32996	0.0
29515	0.0
31167	0.0
17243	0.0
20724	0.0
13762	1654.4837754457212
24205	0.0
6800	1590.4285151509725
10281	343.9031065466163
3319	462.8113428054639
27686	0.0
26329	0.0
22848	0.0
15886	0.0
8924	0.0
19367	0.0
12405	0.0
33291	0.0
1962	0.0
29810	0.0
17538	0.0
21019	0.0
34943	0.0
7095	0.0
27981	0.0
31462	0.0
133	3776.332567809301
24500	0.0
16830	0.0
20311	0.0
9868	0.0
13349	0.0
2906	0.0
23792	0.0
34235	687.0
30754	0.0
6387	0.0
27273	0.0
19544	0.0
26506	0.0
9101	0.0
5620	0.0
16063	75.89869219535342
23025	0.0
2139	0.0
33468	0.0
29987	0.0
29338	0.0
15414	0.0
25857	0.0
8452	975.3879441276126
1490	0.0
22376	0.0
32819	0.0
18895	0.0
4971	0.0
24382	0.0
13939	0.0
34825	0.0
15	19697.018739617022
6977	510.5610817788198
20901	0.0
31344	0.0
17420	0.0
10458	0.0
27863	0.0
12700	0.0
26624	0.0
23143	1626.7617763080132
30105	0.0
2257	105.94659949327779
9219	0.0
16181	0.0
19662	0.0
3732	325.6505577816715
21137	0.0
7213	164.30128624934994
31580	0.0
14175	1.3189036187321257
35061	0.0
17656	0.0
251	0.0
28099	0.0
10694	0.4547306912683939
24618	0.0
11402	0.0
21845	0.0
4440	33324.45433347263
32288	0.0
7921	0.0
959	0.0
14883	0.0
28807	0.0
35769	0.0
5915	0.0
16358	0.0
23320	0.0
12877	0.0
19839	0.0
2434	0.0
30282	229.0
26801	0.0
9396	0.0
33763	0.0
33114	0.0
19190	0.0
29633	0.0
8747	0.0
22671	0.0
26152	0.0
5266	0.0
1785	2619.6426373145237
15709	0.0
9691	0.0
23615	0.0
27096	0.0
20134	0.0
16653	0.0
34058	687.0
2729	163.32057165245337
30577	0.0
6210	0.0
13290	0.0
23733	0.0
16771	0.0
30695	0.0
20252	0.0
6328	193.06516433960266
9809	0.0
34176	0.0
27214	0.0
28276	0.0
17833	0.0
35238	0.0
31757	0.0
7390	0.0
24795	0.0
21314	0.0
3909	0.0
10871	0.0
428	0.0
25562	0.0
8157	0.0
29043	0.0
4676	0.0
22081	0.0
18600	0.0
15119	0.0
1195	23.510103583592237
26447	0.0
16004	0.0
5561	0.0
9042	0.0
29928	0.0
33409	0.0
22966	0.0
12523	0.0
19485	0.0
2080	1220.2446293984829
15001	0.0
28925	0.0
18482	0.0
32406	0.0
8039	0.0
25444	0.0
34530	0.0
6682	0.0
10163	0.0
17125	0.5887762707441608
20606	0.0
31049	0.0
24087	0.0
13644	0.0
3201	0.0
8275	0.0
11756	0.0
29161	0.0
22199	0.0
32642	0.0
18718	0.0
4794	0.0
25680	687.0
15237	0.0
1313	0.0
17302	0.641002842420964
10340	0.0
34707	0.0
31226	0.0
13821	0.0
24264	0.0
27745	0.0
20783	0.0
6859	0.0
3378	0.0
28217	0.0
3850	0.0
35179	0.0
17774	229.33515593561367
10812	0.0
369	0.0
21255	0.0
17892	0.0
31816	0.0
3968	0.0
24854	229.0
7449	0.0
35297	0.0
21373	0.0
10930	0.0
28335	0.0
487	625.5379021284006
