2394	0.0
5875	733.1320600520879
33723	0.0
26761	0.0
23280	0.0
19799	0.0
9356	0.0
16318	0.0
24047	0.0
3161	79.46433148452093
10123	0.0
13604	0.0
20566	0.0
17085	2.5842929463932522
6642	0.0
31009	0.0
34490	0.0
27528	0.0
7527	0.0
17970	0.0
565	812.3205024952448
4046	146.11832472803786
24932	0.0
28413	0.0
11008	0.0
21451	0.0
14489	1705.6165115446927
35375	0.0
31894	0.0
7763	0.0
801	97872.44975600172
18206	5.07781107375131
25168	0.0
14725	0.0
21687	0.0
35611	0.0
11244	0.0
32130	0.0
28649	0.0
4282	0.0
28531	0.0
21569	0.0
683	0.0
7645	244.93333333333334
25050	0.0
11126	0.0
14607	0.0
35493	0.0
18088	0.0
4164	0.0
32012	0.0
2217	330.0141259123009
12660	0.0
5698	0.0
30065	0.0
33546	0.0
23103	0.0
19622	0.0
16141	6.691964391253161
22395	0.0
1509	0.0
29357	0.0
8471	0.0
4990	0.0
11952	2783.0077223816197
18914	420.1323991327317
15433	688.7532888383422
32838	0.0
13958	0.0
27882	0.0
34	0.0
10477	179.21665721486255
17439	0.0
31363	0.0
3515	0.0
34844	0.0
24401	0.0
20920	0.0
16554	233.28450186722355
13073	0.0
30478	0.0
20035	0.0
2630	0.0
23516	0.0
6111	0.0
26997	0.0
33959	0.0
9592	0.0
447	0.0
21333	0.0
35257	0.0
7409	0.0
31776	0.0
24814	0.0
10890	0.0
3928	0.0
28295	0.0
14371	0.0
32956	0.0
1627	3688.2085481771715
19032	0.0
29475	458.0
12070	0.0
25994	0.0
15551	0.0
5108	0.0
22513	0.0
4931	0.0
1450	8.59244490214575
22336	0.0
11893	1.2887003922436557
8412	0.0
32779	0.0
18855	0.0
15374	0.0
1155	0.0
8117	0.0
18560	0.0
32484	0.0
22041	0.0
25522	0.0
4636	0.0
15079	607.7200465011597
12424	0.0
8943	0.0
26348	0.0
1981	0.0
5462	0.0
19386	0.0
15905	0.0
22867	0.0
33310	0.0
29829	0.0
33133	0.0
12247	0.0
29652	0.0
15728	0.0
1804	0.0
19209	0.0
22690	0.0
26171	0.0
5285	0.0
8766	0.0
14961	0.0
7999	11.948962467063517
1037	0.0
32366	0.0
21923	0.0
25404	0.0
4518	0.0
11480	0.0
18442	0.0
28885	0.0
15610	0.0
12129	4.559266465663313
22572	0.0
33015	0.0
1686	1717.7537843612777
29534	65.32033191446511
8648	0.0
19091	0.0
5167	69.22347779682498
34431	0.0
10064	0.0
13545	0.0
23988	0.0
30950	0.0
17026	0.0
3102	0.0
20507	0.0
6583	0.0
9415	0.0
2453	3254.2040601896633
26820	0.0
19858	0.0
5934	0.0
16377	52.13805140075514
30301	0.0
12896	0.0
33782	0.0
8707	0.0
12188	0.0
1745	0.0
33074	0.0
22631	687.0
29593	0.0
26112	229.0
15669	0.0
7291	0.0
35139	0.0
28177	0.0
24696	0.0
17734	0.0
329	0.0
3810	154.01765337381332
10772	0.0
21215	0.0
5639	0.0
23044	0.0
9120	0.0
12601	0.0
16082	0.0
30006	0.0
33487	0.0
19563	0.0
26525	0.0
15846	0.0
8884	0.0
29770	0.0
1922	0.0
5403	0.0
26289	0.0
19327	0.0
33251	0.0
12011	0.0
5049	0.0
15492	0.0
18973	0.0
29416	0.0
1568	8788.578170626159
25935	0.0
8530	1184.582022136415
32897	0.0
17203	0.0
20684	0.0
13722	0.0
3279	347.0282773648421
31127	0.125
6760	0.0
24165	0.0
27646	0.0
34608	0.0
30124	0.0
12719	1.3518598597146976
33605	0.0
23162	0.0
9238	0.0
2276	0.0
5757	0.0
16200	0.0
26643	0.0
19681	0.0
10359	0.0
17321	0.0
3397	0.0
27764	0.0
31245	0.0
6878	0.0
20802	0.0
24283	0.0
13840	0.0
14784	0.0
32189	0.0
21746	0.0
28708	0.0
860	5901.33263673047
25227	0.0
35670	0.0
4341	5372.542855933984
18265	0.0
11303	0.0
24106	78.82229071050743
13663	0.0
34549	0.0
3220	3733.9381994314913
27587	0.0
17144	0.0
6701	0.0
10182	0.0
31068	0.0
20271	0.0
34195	0.0
16790	679.7890345913929
6347	0.0
27233	0.0
13309	687.0
9828	2.093533968179587
30714	0.0
23752	0.0
30183	0.0
5816	25.123179044324456
2335	0.0
23221	0.0
33664	0.0
16259	0.0
26702	0.8969986091066819
12778	85.64725725534572
9297	0.0
19740	0.3532239677970612
13368	0.0
23811	0.0
16849	113.20477079675078
9887	0.0
6406	0.0
2925	997.6343322123676
20330	0.0
34254	0.0
27292	0.0
30773	0.0
25758	0.0
1391	0.0
32720	0.0
15315	0.0
18796	0.0
22277	0.0
11834	430.89245504910673
29239	0.0
4872	0.0
8353	570.0712743112541
18619	0.0
4695	0.0
15138	0.0
1214	0.0
11657	0.0
29062	0.0
32543	0.0
8176	0.0
25581	0.0
26466	0.0
33428	0.0
9061	0.0
12542	0.0
5580	0.0
22985	0.0
2099	0.0
16023	0.0
19504	9.405789616125448
29947	0.0
10595	2267.342153545058
14076	0.0
24519	0.0
21038	0.0
28000	0.0
152	194.18462832128313
3633	0.0
17557	0.0
31481	0.0
34785	0.0
10418	0.0
27823	0.0
13899	0.0
17380	0.0
31304	21.0922915486719
3456	0.2177650673411319
20861	0.0
35552	178.05969478000387
28590	0.0
32071	0.0
25109	0.0
4223	0.0
742	0.0
11185	1585.5523816831076
21628	0.0
18147	0.0
7704	0.0
14666	0.0
24991	0.0
4105	8.638664382111344
7586	0.0
14548	0.0
31953	0.0
624	280.54412856016654
21510	0.0
35434	0.0
4754	2763.107680940152
8235	0.0
25640	0.0
11716	240.6715421863128
32602	0.0
1273	2624.531267417196
18678	182.55625952352025
29121	0.0
31717	0.0
35198	0.0
7350	0.0
17793	0.0
14312	0.0
28236	0.0
24755	0.0
388	17244.27081595109
21274	0.0
3869	3316.8592292923736
10831	0.0
35729	0.0
11362	0.0
21805	0.0
7881	0.0
32248	0.0
919	0.0
25286	0.0
4400	0.0
14843	0.0
28767	0.1800283367604959
17675	7.3017631404934225
24637	0.0
3751	0.0
270	53.45156969929046
35080	0.0
28118	0.0
21156	0.0
20448	0.0
34372	0.0
23929	0.0
6524	0.0
3043	0.0
13486	35.846191131561916
27410	0.0
16967	649.5052403404068
10005	2253.2185042598667
29711	0.0
33192	0.0
1863	0.1786887559528937
8825	0.0
19268	0.0
22749	33.94328175344754
12306	0.0
15787	0.0
26230	0.0
5344	0.0
26879	0.0
33841	0.0
23398	0.0
5993	0.0
19917	0.0
2512	0.0
16436	0.0
30360	0.0
16731	0.0
6288	0.0
20212	0.0
23693	0.0
27174	0.0
9769	0.0
13250	0.0
2807	85.88349923852482
30655	0.9629155181196051
31186	4.587862648488296
17262	0.0
10300	0.0
34667	1832.0
6819	10.140734063999588
24224	1.7664447053492678
13781	0.0
3338	117.53440618152389
20743	0.0
35788	0.0
28826	0.1800283367604959
21864	0.0
4459	1.789676957797758
18383	0.0
11421	0.0
978	2352.4068550580764
14902	243.35698163626557
25345	0.0
32307	0.0
27056	0.0
23575	0.0
20094	0.0
16613	0.0
6170	0.0
9651	0.0
30537	0.0
2689	894.98646706182
13132	0.0
34018	0.0
20389	0.0
34313	0.0
13427	3.4319937103656852
27351	0.0
30832	0.0
6465	0.0
2984	53.15852628689693
23870	0.0
16908	1282.546773589282
17616	27.588222892728382
21097	0.0
10654	3.2503668506362517
31540	0.0
24578	0.0
28059	0.0
3692	0.0
35021	0.0
211	56.39304828853122
14135	0.0
4813	1.1406581984093942
8294	0.0
18737	0.0
32661	0.0
25699	0.0
11775	0.0
29180	0.0
15256	0.0
22218	0.0
1332	464.3665845698413
5521	0.0
15964	0.0
9002	0.0
12483	0.0
33369	0.0
22926	0.0
26407	0.0
29888	0.0
2040	0.0
13191	0.0
6229	615.9312110083255
27115	0.0
20153	0.0
9710	0.0
16672	0.0
23634	15.259474867806132
30596	0.3421895031177338
2748	7187.687568974258
31835	0.0
3987	626.7337170436409
24873	0.0
28354	229.0
10949	0.0
7468	0.0
21392	0.0
35316	0.0
506	468.9093441014878
17911	0.0
11539	0.0
15020	0.0
32425	0.0
25463	0.0
4577	0.0
28944	0.0
18501	0.0
1096	0.0
21982	0.0
13014	0.0
19976	0.0
30419	0.0
23457	0.0
33900	0.0
9533	0.0
6052	114.5
26938	0.0
2571	0.0
10536	0.0
17498	0.641002842420964
3574	0.0
7055	0.0
14017	0.0
24460	0.0
27941	0.0
31422	2519.0
93	35296.16556775225
20979	0.0
