3839	0.0
14282	0.0
358	0.0
28206	0.0
35168	0.0
17763	0.0
7320	0.0
31687	0.0
21244	0.0
10801	0.0
24725	0.0
26377	0.0
2010	0.0
15934	0.0
22896	0.0
29858	0.0
33339	0.0
8972	0.0
12453	40.41041305553319
32867	458.0
1538	2032.6694829220592
8500	0.0
15462	0.0
5019	101.89426105378857
29386	0.0
25905	293.0237439193968
11981	0.0
18943	1294.4816762982218
9975	0.0
34342	0.0
3013	229.1258422929964
23899	0.0
16937	41.400394014790834
6494	0.0
27380	0.0
30861	0.0
20418	0.0
13456	174.55959101419103
3957	0.0
476	118.3267765091634
28324	0.0
14400	6.6782825439063185
31805	0.0
17881	3.9443472765287853
21362	0.0
10919	0.0
24843	0.0
35286	0.0
33929	0.0
2600	0.0
20005	0.0
26967	0.0
13043	0.0
6081	0.0
23486	0.0
30448	0.0
16524	35.71667188568725
2895	243.55079030091517
13338	0.0
20300	0.0
6376	0.0
23781	0.0
16819	0.0
27262	0.0
34224	0.0
9857	0.0
30743	0.0
2954	0.0
13397	0.0
30802	0.0
20359	0.0
9916	0.0
6435	0.0
16878	1151.428073764447
23840	0.0
27321	0.0
10093	0.0
3131	1280.8601184452934
34460	0.0
27498	0.0
17055	7.890539411237582
30979	0.0
24017	0.0
13574	25.99862192805916
8087	0.0
11568	5.064680708551537
22011	0.0
15049	0.0
25492	0.0
4606	22081.869080218745
32454	0.0
28973	0.0
1066	0.0
4547	428.3543866178013
32395	0.0
11509	0.0
18471	0.0
21952	0.0
14990	0.0
28914	0.0
830	0.0
7792	0.0
4311	5.240876357197228
28678	0.0
11273	0.0
25197	0.0
35640	0.0
21716	0.0
32159	0.0
14754	0.0
16052	0.0
33457	0.0
9090	0.0
23014	0.0
12571	721.1510313117284
19533	0.0
26495	0.0
5609	0.0
26731	0.0
12807	0.0
16288	0.0
5845	147.23340560224472
23250	10.084168485741843
19769	0.0
30212	0.0
9326	0.0
23663	0.0
34106	0.0
30625	0.0
9739	703.3243138198296
2777	1157.9241025509796
13220	0.0
27144	0.0
16701	0.0
6258	0.0
10978	0.0
24902	0.0
28383	0.0
535	0.0
4016	25.81678902932675
35345	0.0
7497	1030.5697859591444
14459	955.6254301544383
31864	0.0
21421	0.0
23545	0.0
33988	22965.31985044095
27026	0.0
2659	4663.401206267596
30507	0.0
20064	0.0
13102	0.0
9621	0.0
16583	0.0
6140	0.0
23368	0.0
33811	0.0
16406	0.0
2482	0.0
30330	0.0
19887	0.0
9444	0.0
5963	0.0
12925	387.77449850389576
27793	0.0
34755	0.0
24312	0.0
17350	0.0
3426	814.0309043955026
31274	0.0
6907	0.0
10388	157.86971384197096
13869	0.0
20831	0.0
5137	739.5286167913938
29504	0.0
1656	0.0
22542	0.0
12099	0.0
32985	0.0
8618	0.0
15580	0.0
26023	0.0
26613	0.0
9208	0.0
23132	0.0
2246	0.0
33575	0.0
16170	0.0
12689	0.0
19651	0.0
30094	229.0
28501	0.0
11096	77.22343605626011
653	260539.62036527603
21539	0.0
4134	0.0
25020	0.0
35463	0.0
18058	0.0
7615	0.0
14577	0.0
17586	0.0
181	0.0
34991	0.0
31510	0.0
24548	0.0
28029	0.0
7143	2810.8604960477246
14105	0.0
10624	5.728115732039767
21067	0.0
22719	0.0
26200	0.0
15757	0.0
1833	0.0
29681	0.0
12276	0.0
19238	0.0
8795	0.0
33162	0.0
25256	0.0
4370	1583.6013574544606
35699	0.0
7851	0.0
14813	0.0
28737	0.0
11332	0.0
21775	0.0
6730	0.0
17173	0.5887762707441608
27616	0.0
20654	0.0
13692	0.0
3249	12.50673002197897
31097	0.0
24135	0.0
10211	0.0
9680	563.0489399424
6199	0.0
27085	0.0
34047	687.0
16642	438.94801858891867
2718	85.26039882375902
20123	0.0
23604	0.0
13161	0.0
33221	0.0
29740	0.0
12335	0.0
8854	0.0
1892	0.0
5373	0.0
19297	0.0
15816	0.0
22778	0.0
26259	0.0
19120	0.0
26082	0.0
8677	0.0
15639	0.0
5196	0.0
12158	0.0
1715	113.55381739605144
22601	0.0
29563	0.0
33044	0.0
21303	0.0
7379	0.0
35227	0.0
3898	1063.6248193465121
31746	0.0
417	0.0
10860	0.0
24784	0.0
28265	0.0
19710	229.0
5786	0.0
23191	0.0
2305	0.0
33634	0.0
9267	0.0
30153	0.0
16229	687.0
20949	0.0
31392	0.0
17468	0.0
27911	0.0
13987	533.4244674556408
7025	0.0
63	10437.215186698802
10506	0.0
24430	0.0
3544	172.92423110844157
32749	0.0
8382	0.0
18825	334.44724914702397
29268	0.0
11863	458.0
1420	2862.5
4901	0.0
22306	0.0
25787	0.0
15344	0.0
26554	0.0
5668	0.0
23073	0.0
19592	0.0
2187	810.5549337010962
30035	0.0
16111	0.0
9149	0.0
12630	0.0
8913	0.0
22837	0.0
5432	0.0
26318	0.0
33280	8.948174490881112
1951	0.0
15875	0.0
29799	0.0
18117	0.0
7674	0.0
25079	0.0
32041	0.0
21598	0.0
14636	0.0
712	0.0
11155	0.0
35522	0.0
4193	761.77584057912
29917	0.0
33398	0.0
22955	0.0
5550	0.0
15993	0.0
26436	0.0
2069	0.0
9031	0.0
12512	0.0
19474	0.0
21834	0.0
35758	0.0
948	0.0
32277	0.0
28796	0.0
11391	0.0
14872	1640.1144209516458
7910	0.0
25315	0.0
4429	0.0
4665	0.0
25551	0.0
18589	0.0
11627	0.0
1184	0.0
32513	0.0
8146	0.0
29327	0.0
4960	0.0
15403	0.0
25846	0.0
1479	590.8619298222355
8441	10.476094445852826
22365	0.0
32808	0.0
18884	0.0
11922	0.0
30920	0.0
20477	0.0
23958	0.0
10034	1.1832255438369126
13515	0.0
6553	0.0
3072	0.0
34401	0.0
16996	0.0
27439	0.0
3780	0.2
14223	0.0
24666	0.0
28147	0.0
7261	0.0
299	448.32088839354407
17704	0.0
21185	0.0
10742	0.0
31628	0.0
30684	0.0
16760	1.3488598136481817
13279	572.5
23722	0.0
34165	0.0
20241	0.0
2836	165.1604363077515
9798	688.97677080132
6317	463.3013378302964
5904	0.0
12866	0.0
30271	0.0
19828	0.0
33752	0.0
2423	0.0
23309	0.0
16347	0.0
10329	0.0
27734	0.0
24253	0.0
17291	0.0
13810	586.4299293763215
6848	0.0
31215	0.0
20772	0.0
3367	0.0
24194	0.0
27675	0.0
31156	0.0
13751	0.0
34637	0.0
10270	0.0
3308	908.4572098206304
6789	103.89333070333147
20713	0.0
17232	938.0910521579016
15285	0.0
8323	0.0
4842	16655.818290049552
11804	143.72855081363863
32690	0.0
29209	0.0
22247	0.0
1361	0.0
25728	0.0
18766	0.0
22129	0.0
25610	0.0
29091	0.0
32572	0.0
11686	0.0
4724	749.551608052304
18648	0.0
1243	0.0
15167	0.0
8205	0.0
32631	0.0
22188	0.0
18707	0.0
4783	4774.337720982039
25669	1374.0
11745	0.0
29150	0.0
8264	0.0
1302	3545.442685212255
31038	0.0
6671	82.83653750774862
17114	0.0
13633	0.0
24076	0.0
10152	0.0
3190	0.0
20595	0.0
12984	246.22123867918464
33870	0.0
30389	0.0
23427	0.0
6022	0.0
19946	0.0
26908	0.0
9503	0.037936618089289845
2541	0.0
16465	0.0
11214	0.0
35581	0.0
32100	0.0
28619	0.0
14695	0.0
7733	0.0
25138	0.0
21657	0.0
18176	0.0
4252	83.10015348831209
19002	0.0
15521	0.0
5078	0.0
12040	0.0
25964	0.0
1597	0.0
32926	0.0
10447	4.8346409211902275
31333	0.0
34814	0.0
27852	0.0
6966	0.0
24371	0.0
13928	0.0
3485	121.49045596600581
17409	0.0
4	61211.83380970082
20890	0.0
14931	0.0
21893	0.0
7969	0.0
28855	0.0
35817	0.0
1007	5925.227905271514
32336	0.0
18412	0.0
11450	0.0
4488	0.0
22660	0.0
8736	0.0
19179	0.0
12217	0.0
29622	0.0
33103	0.0
1774	850.6160236433917
26141	0.0
15698	0.0
5255	0.0
14518	0.0
28442	0.0
11037	0.0
31923	0.0
4075	324.3787402650913
21480	0.0
35404	0.0
17999	0.0
594	50.6206460912511
24961	0.0
7556	0.0
14046	0.0
31451	0.0
10565	697.8470267328386
24489	32.41265159386173
3603	0.0
27970	0.0
21008	0.0
7084	264.2883310395392
17527	0.0
122	2732.4849122895594
10683	0.0
3721	0.0
28088	0.0
31569	0.0
14164	0.0
35050	0.0
21126	0.0
24607	0.0
7202	477.01930889970686
17645	0.0
240	0.0
