1792	0.0
22678	0.0
19197	0.0
5273	0.0
33121	0.0
8754	12.618123163941775
26159	1.6205807200929152
29640	0.0
12235	0.0
15716	0.0
848	0.0
25215	0.0
7810	0.0
4329	0.0
18253	0.0
14772	0.0
21734	0.0
11291	0.0
28696	0.0
32177	0.0
12471	0.0
15952	0.0
2028	365.40195069775547
26395	0.0
33357	0.0
19433	0.0
8990	0.0
22914	0.0
5509	0.0
29876	0.0
2264	0.0
16188	0.0
23150	0.0
33593	0.0
19669	0.0
30112	0.0
26631	0.0
5745	0.0
9226	0.0
12707	223.76727409115483
17309	0.0
20790	0.0
31233	0.0
24271	0.0
3385	745.7168082029702
10347	0.0
27752	0.0
6866	458.0
34714	0.0
13828	0.0
376	0.0
3857	0.18281707638162334
21262	0.0
35186	0.0
24743	0.0
31705	0.0
7338	135.33412987993864
28224	0.0
17781	0.0
10819	0.0
1084	255.26691496973467
32413	0.0
15008	0.0
11527	183.358939141871
4565	0.0
18489	0.0
8046	0.0
28932	0.0
25451	0.0
3031	0.0
23917	0.0
16955	0.0
27398	0.0
34360	0.0
13474	0.0
20436	0.0
6512	0.0
9993	0.0
23858	23.504200531943685
2972	28.150462353244514
9934	0.0
6453	0.0
16896	0.0
34301	0.0
20377	0.0
30820	0.0
27339	0.0
13415	0.14918699744236355
2323	0.0
33652	0.0
16247	0.0
26690	0.0
12766	0.0
9285	0.0
30171	0.0
19728	100.52973438434813
20554	0.0
3149	0.0
13592	0.0
17073	0.0
10111	0.0
6630	0.0
24035	0.0
30997	0.0
27516	0.0
11055	0.0
612	0.0
7574	0.0
21498	0.0
24979	0.0
4093	0.0
14536	0.0
35422	0.0
24389	0.0
31351	0.0
22	83113.65925999539
27870	0.0
20908	0.0
13946	107.31302019237228
17427	0.0
3503	357.13359461207966
6984	0.0
26218	4.352534975481702
29699	0.0
1851	0.0
5332	0.0
8813	0.0
19256	0.0
12294	0.0
15775	0.0
33180	0.0
22737	0.0
14123	0.0
199	0.0
31528	0.0
7161	0.0
24566	0.0
17604	555.7375031609133
3680	1419.6632415894755
35009	0.0
28047	0.0
21085	0.0
10642	5.114135357346708
35717	0.0
11350	0.0
907	0.0
25274	0.0
32236	0.0
4388	0.0
28755	0.0
14831	0.0
21793	0.0
29935	0.0
5568	0.0
16011	0.2948310435569083
9049	0.0
2087	0.0
19492	0.0
33416	0.0
26454	0.0
12530	0.0
22973	0.0
15657	0.0
12176	0.0
29581	0.0
26100	0.0
8695	0.0
1733	0.0
19138	0.0
33062	0.0
5214	0.0
28519	0.0
4152	64.7492939320164
671	0.0
25038	0.0
11114	0.0
21557	0.0
32000	0.0
14595	0.0
15067	0.0
22029	0.0
4624	0.0
1143	158435.87423869723
8105	0.0
25510	5.566557774674383
18548	0.0
28991	0.0
32472	0.0
11586	0.0
5922	289.08523212508936
33770	0.0
16365	0.0
2441	1015.0944690093903
12884	0.0
30289	0.0
19846	0.0
23327	0.0
26808	0.0
16129	0.0
30053	0.0
12648	0.0
2205	0.0
23091	0.0
9167	0.0
5686	458.0
26572	0.0
33534	229.0
19610	0.0
35599	0.0
11232	0.0
14713	0.0
7751	0.0
789	947.2746956094976
21675	0.0
28637	0.0
32118	0.0
18194	302.0001081277964
4270	434.5198062620851
25156	0.0
30643	0.0
9757	229.0
16719	229.0
6276	0.0
2795	133.83085836518725
34124	0.0
20200	0.0
13238	0.0
27162	0.0
8872	468.9047619047603
29758	0.0
1910	0.0
15834	3.1086227500980197
22796	0.0
26277	0.0
19315	42.42362141052725
12353	0.0
33239	0.0
34891	0.0
20967	0.0
10524	478.30368087131376
81	97023.41896087004
27929	0.0
24448	687.0
3562	0.0
7043	0.0
14005	0.0
17486	0.0
31410	0.0
10406	305.16560535958064
27811	0.0
6925	0.0
3444	0.0
34773	0.0
17368	0.0
31292	916.0
20849	0.0
14064	0.0
17545	0.0
27988	0.0
24507	0.0
31469	0.0
7102	0.0
3621	0.0
140	37899.604004871886
10583	7.188923136643441
21026	0.0
18725	0.0
32649	0.0
25687	0.0
11763	0.0
22206	0.0
15244	0.0
29168	356.69323289036817
4801	0.0
1320	0.0
8282	0.0
22855	0.0
8931	0.0
26336	0.0
12412	0.0
19374	0.0
15893	0.0
29817	0.0
33298	0.0
24212	0.0
20731	0.0
31174	940.9712676329632
13769	0.0
3326	0.0
10288	0.0
17250	0.0
27693	0.0
6807	946.8955523597656
17014	0.0
23976	0.0
13533	0.0
3090	0.0
34419	0.0
6571	0.0
30938	0.0
21852	0.0
7928	0.0
18371	0.0
32295	0.0
11409	0.0
966	0.0
35776	916.7301295592134
14890	633.1009101734334
4447	251.87551990273138
28814	0.0
25333	687.0
5863	229.0
26749	0.0
30230	0.0
12825	0.0
19787	0.0
23268	0.0
16306	0.0
2382	0.0
33711	0.0
24802	0.0
7397	0.0
3916	15.267272339900451
21321	0.0
28283	0.0
10878	0.0
435	1786.8204989451647
17840	0.0
31764	0.0
35245	0.0
8341	0.0
29227	0.0
1379	1308.72009586063
11822	0.0
32708	0.0
4860	0.0
15303	0.0
18784	0.0
22265	0.0
16070	10.344153267827073
9108	2154.3909017812093
19551	0.0
26513	0.0
12589	0.0
29994	458.0
2146	24241.09469621344
5627	258.7077045668424
33475	0.0
28165	0.0
24684	0.0
10760	0.0
317	0.0
3798	597.6165917492505
7279	930.7134160350835
14241	0.0
21203	0.0
17722	0.0
31646	0.0
35127	0.0
17132	0.0
6689	0.0
27575	0.0
24094	0.0
3208	0.0
10170	0.0
34537	0.0
31056	0.0
16542	0.0
33947	0.0
13061	0.0
20023	687.0
2618	0.0
23504	0.09268591875757928
26985	0.0
6099	1.4652056706209533
30466	0.0
5096	0.0
22501	0.0
19020	0.0
32944	0.0
15539	0.0
8577	229.0
25982	0.0
12058	0.0
29463	0.0
1615	0.0
5155	0.0
19079	0.0
15598	0.0
26041	0.0
29522	48.930415311318875
8636	0.0
1674	0.0
22560	0.0
33003	0.0
12117	0.0
16778	0.0
34183	0.0
30702	0.0
6335	0.0
9816	0.0
2854	0.0
13297	0.0
20259	0.0
23740	0.0
3739	14148.978572669048
21144	0.0
35068	0.0
7220	0.0
28106	40.83374598116678
17663	0.0
14182	0.0
31587	0.0
24625	0.0
258	0.0
9698	0.0
34065	0.0
30584	0.0
16660	0.0
27103	0.0
23622	0.0
13179	0.0
6217	0.0
4742	0.0
15185	0.0
29109	0.0
25628	0.0
22147	0.0
18666	0.0
8223	0.0
1261	0.0
11704	294.26215464827783
23799	0.0
34242	0.0
16837	0.0
9875	0.0
30761	0.0
6394	2017.18670474274
13356	0.0
2913	0.0
32531	0.0
8164	0.0
22088	0.0
25569	268.168935756009
18607	0.0
11645	0.0
4683	0.0
15126	1049.082383586181
1202	674.1643140876758
21616	0.0
28578	0.0
25097	0.0
35540	0.0
11173	0.0
32059	0.0
4211	43.08320971222442
14654	0.0
7692	0.0
730	0.0
29286	0.0
22324	0.0
11881	0.0
15362	128.15729199159142
4919	0.0
25805	0.0
32767	0.0
18843	0.0
1438	0.0
8400	0.0
11468	0.0
7987	0.0
28873	0.0
4506	0.0
21911	0.0
25392	0.0
1025	0.0
32354	3.356067807455625
14949	0.0
18430	0.0
9639	0.0
16601	0.0
34006	0.0
6158	0.0
30525	0.0
2677	10.793070416771007
13120	229.0
20082	0.0
23563	0.0
27634	0.0
34596	0.0
24153	0.0
10229	0.0
6748	6663.6326004751945
17191	0.0
20672	0.0
3267	0.0
24920	0.0
14477	129.3969481670537
21439	0.0
4034	0.0
10996	0.0
7515	0.0
553	23395.48820361104
35363	0.0
18961	0.0
8518	123.32786852833001
29404	0.0
32885	0.0
15480	0.0
11999	0.0
25923	0.0
1556	0.0
22442	0.0
3975	28.88467181222785
14418	0.0
35304	0.0
31823	0.0
21380	0.0
7456	0.0
494	0.0
24861	0.0
17899	0.0
28342	0.0
11940	0.0
25864	0.0
29345	0.0
15421	0.0
8459	0.0
18902	0.0
32826	0.0
22383	0.0
1497	1185.727120283952
6040	0.0
26926	0.0
30407	0.0
23445	0.0
33888	0.0
2559	0.0
19964	0.0
9521	0.0
30348	0.0
23386	0.0
12943	1.5677329043938868
16424	0.0
9462	236.59531783085686
19905	0.0
26867	0.0
5981	0.0
2500	71.73104738233036
33829	0.0
