10557	34.25415959539504
31443	0.0
114	336.48868806895246
3595	929.552522515448
21000	0.0
24481	0.0
14038	36.963911603639815
17519	0.0
27962	0.0
7076	0.0
9613	0.0
2651	0.0
23537	0.0
33980	0.0
30499	0.0
16575	0.0
20056	0.0
13094	0.0
15572	284.2345490757196
26015	0.0
32977	0.0
1648	0.0
12091	2.723875023178405
5129	0.0
19053	0.0
22534	0.0
29496	752.017268466003
8610	0.0
9790	0.0
23714	1.0876613161660131
2828	0.0
34157	0.0
30676	0.0
13271	1259.5
6309	2566.6315704842286
27195	0.0
16752	0.0
35809	0.0
11442	0.0
25366	0.0
21885	0.0
14923	0.0
999	0.0
7961	0.0
28847	1.7027052439499035
32328	0.0
18404	0.0
31384	0.0
13979	0.0
55	4303.27593953371
27903	0.0
10498	0.0
34865	0.0
17460	0.0
3536	614.0054314553734
7017	0.0
20941	0.0
468	214.6535618469295
35278	0.0
10911	0.0
24835	0.0
3949	93.02590094306213
17873	0.0
31797	0.0
7430	0.0
14392	243.151566677285
21354	0.0
3831	827.5425614257391
350	0.0
35160	0.0
10793	0.0
7312	0.0
24717	0.0
17755	0.0
21236	0.0
28198	14.149224921826605
31679	0.0
34688	0.0
3359	506.15970524726396
17283	0.0
10321	0.0
27726	0.0
31207	0.0
6840	229.0
13802	135.00423107496442
24245	229.0
1235	0.0
25602	0.0
15159	0.0
29083	0.0
32564	0.0
22121	34.05159401424844
4716	29.164713700623725
8197	0.0
18640	0.0
11678	458.0
2356	0.0
16280	0.0
30204	0.0
12799	0.0
5837	0.0
19761	0.0
9318	0.0
33685	0.0
26723	687.0
23242	0.0
26605	0.0
2238	0.0
9200	0.0
12681	0.0
33567	0.0
23124	0.4652524855749181
19643	0.0
16162	0.0
30086	0.2552989204887939
18581	0.0
25543	0.0
1176	1311.2503869805653
8138	0.0
22062	0.0
11619	0.0
15100	1026.5210034384577
32505	0.0
29024	0.0
7725	0.0
32092	0.0
763	49399.919389610994
11206	0.0
28611	0.0
21649	0.0
18168	0.0
14687	0.0
4244	636.3860274471612
25130	0.0
7607	0.0
25012	0.0
14569	0.0
645	5840.731656599643
21531	0.0
4126	1603.0
18050	0.0
31974	0.0
11088	0.0
28493	0.0
1294	217.40813779597767
11737	416.7118551950504
8256	1145.0
4775	0.0
29142	0.0
25661	0.0
15218	0.0
15926	0.0
8964	0.0
2002	0.0
33331	0.0
22888	0.0
19407	0.0
5483	0.0
12445	0.0
26369	0.0
29850	0.0
3123	0.0
17047	0.0
10085	0.0
6604	0.0
24009	0.0
20528	0.0
34452	0.0
27490	0.0
13566	0.0
30971	0.0
34275	0.0
27313	0.0
6427	0.0
2946	0.0
16870	0.0
20351	687.0
30794	0.0
9908	0.0
23832	470.6176181550527
31502	0.0
34983	0.0
173	21.75561288697956
28021	0.0
24540	0.0
10616	0.0
14097	0.0
7135	0.0
3654	256.24274894050166
21059	0.0
7489	0.0
14451	162.7721103329392
24894	0.0
527	0.0
4008	0.0
31856	0.0
10970	0.0
28375	0.0
17932	0.0
21413	0.0
31030	0.0
6663	0.0
3182	0.0
34511	0.0
27549	0.0
13625	0.0
17106	0.5887762707441608
24068	0.0
20587	0.0
10144	0.0
26487	0.0
19525	0.0
23006	0.0
12563	0.0
2120	4068.749833188508
9082	0.0
33449	0.0
16339	351.86979597942224
33744	916.0
5896	2255.9192039120226
2415	286.0825613841486
12858	0.0
19820	0.0
23301	0.0
30617	0.0
34098	0.0
6250	1.8329707669260176
9731	0.0
2769	627.3928397836396
23655	0.0
27136	0.0
13212	0.0
12504	0.0
9023	0.0
22947	0.0
2061	0.0
5542	0.0
26428	0.0
29909	0.0
19466	0.0
33390	0.0
15985	1374.0
22711	0.0
19230	260.37325701092635
12268	782.5436964226466
26192	0.0
1825	0.0
5306	0.0
15749	0.0
33154	0.0
8787	0.0
14982	0.0
28906	0.0
11501	32.80715204141557
4539	0.0
1058	110.0170903731419
32387	0.0
8020	0.0
25425	0.0
18463	0.0
13035	0.0
26959	0.0
2592	2644.9803887858097
6073	0.0
19997	0.0
23478	0.0
33921	38.94543024435436
9554	0.0
16516	0.0
30440	0.0
23183	0.0
12740	0.0
9259	0.0
19702	0.0
30145	0.0
2297	0.0
16221	0.0
26664	0.0
33626	0.0
19112	0.0
12150	0.0
5188	0.0
1707	0.0
22593	0.0
15631	0.0
26074	57.25
33036	0.0
29555	229.0
5660	0.0
9141	0.0
30027	0.0
33508	0.0
2179	1336.8442434912204
16103	40.96635018182119
26546	0.0
23065	0.0
19584	0.0
11855	0.0
18817	0.0
32741	0.0
22298	0.0
29260	0.0
25779	0.0
15336	0.0
1412	1267.583724681102
8374	689.5538800427694
10380	0.0
6899	0.0
3418	0.0
20823	0.0
31266	0.0
17342	0.0
13861	0.0
27785	0.0
21590	0.0
11147	0.0
14628	0.0
7666	0.0
704	0.0
32033	0.0
35514	0.0
25071	0.0
4185	659.5438856655392
18109	0.0
17401	0.0
24363	0.0
13920	0.0
10439	0.0
34806	0.0
3477	136.8529619926364
27844	0.0
20882	0.0
24127	0.0
10203	837.8674849521065
3241	184.05902110302918
17165	0.5887762707441608
34570	0.0
6722	0.0
27608	0.0
31089	0.0
32210	0.0
28729	0.0
14805	0.0
881	687.0
21767	0.0
4362	1.3813945092410675
11324	0.0
7843	709.3970398758988
25248	0.0
27077	0.0
23596	0.0
6191	0.0
16634	0.0
34039	0.0
2710	62.96905924039116
30558	0.0
9672	114.20079816449164
13153	0.0
20115	0.0
27372	0.0
13448	0.0
20410	0.0
30853	0.0
23891	229.05557371690094
6486	0.0
9967	0.0
3005	69.00481876177678
16929	0.0
8433	75.68748530535778
18876	0.0
25838	0.0
15395	0.0
29319	0.0
4952	0.0
1471	0.0
11914	0.0
32800	0.0
22357	0.0
19879	0.0
30322	0.0
12917	0.0
9436	0.0
33803	0.0
5955	572.5
23360	0.0
2474	3.2635090762106063
16398	0.0
21708	0.0
32151	0.0
11265	0.0
25189	0.0
14746	361.17844422564065
4303	0.0
7784	0.0
18227	0.0
35632	0.0
822	1.7189191584574042
6545	817.1890187531932
20469	0.0
10026	0.0
13507	0.0
16988	0.0
23950	0.0
3064	0.0
27431	0.0
30912	0.0
34393	0.0
5247	0.0
29614	0.0
15690	0.0
8728	0.0
33095	0.0
19171	0.0
22652	0.0
12209	0.0
1766	0.0
22003	0.0
25484	0.0
15041	0.0
11560	0.0
8079	0.0
4598	0.29328387100502135
32446	0.0
1117	0.0
15277	0.0
4834	0.0
8315	0.0
32682	0.0
29201	0.0
11796	226.00283197698477
25720	0.0
22239	0.0
1353	62.432335104074305
32859	0.0
5011	0.0
29378	0.0
11973	0.0
18935	27.132882896445498
22416	0.0
1530	1060.0983890654647
8492	0.0
15454	0.0
31620	0.0
17696	0.0
28139	0.0
21177	0.0
10734	2.999165330777779
7253	404.01843517973515
24658	0.0
35101	0.0
3772	0.0
291	4.912303333058163
13743	0.0
27667	0.0
31148	0.0
6781	0.0
17224	0.5887762707441608
24186	0.0
3300	0.0
10262	233.5722554550734
30735	0.0
9849	0.0
23773	0.0
20292	0.0
6368	0.0
34216	0.0
13330	2.026768868887723
27254	0.0
16811	0.0
2887	0.0
28257	0.0
7371	1068.9499776199575
14333	0.0
35219	0.0
3890	482.44061411276726
409	0.0
21295	0.0
10852	0.0
17814	0.0
29437	0.0
22475	0.0
15513	0.0
25956	0.0
5070	1.9898657156105684
8551	0.0
18994	0.0
1589	1654.94507893786
32918	0.0
12032	1226.1526813662097
4421	0.0
21826	0.0
11383	0.0
32269	0.0
35750	0.0
14864	0.0
28788	0.0
25307	0.0
7902	0.0
940	0.0
7548	0.0
31915	0.0
14510	0.0
35396	0.0
21472	0.0
24953	0.0
586	0.0
4067	0.0
28434	0.0
28080	0.0
17637	0.0
21118	0.0
3713	0.0
14156	8.95380472141198
31561	0.0
35042	0.0
10675	67.62119203891545
7194	0.0
24599	0.0
232	1759.0787301051546
15808	0.0
8846	0.0
12327	34.62875798166066
33213	0.0
29732	0.0
19289	0.0
22770	0.0
26251	773.8230984965686
23419	0.0
33862	0.0
16457	0.0
9495	0.0
2533	0.0
6014	49.39676253558945
12976	34.571954867114705
19938	0.0
26900	0.0
30381	0.0
15867	0.0
19348	0.0
26310	0.0
5424	0.0
22829	0.0
12386	0.0
33272	0.0
8905	0.0
29791	0.0
1943	229.0
