2752	0.0
23638	0.0
34081	0.0
9714	0.0
27119	0.0
6233	138.14098380590636
16676	0.0
20157	0.0
30600	0.0
33078	0.0
1749	0.0
22635	0.0
8711	0.0
19154	0.0
15673	359.11744185360834
26116	1202.25
29597	0.0
12192	0.0
5230	0.0
11720	0.0
22163	0.0
1277	0.0
18682	0.0
29125	0.0
8239	687.0
25644	0.0
32606	0.0
21809	0.0
923	0.0
14847	0.0
4404	0.0
32252	0.0
7885	2217.555689892431
35733	0.0
11366	0.0
25290	0.0
15909	0.0
5466	0.0
1985	0.0
29833	0.0
8947	0.0
22871	0.0
33314	0.0
26352	0.0
12428	0.0
33963	0.0
2634	254.77751195863266
27001	0.0
30482	0.0
13077	0.0
16558	0.0
20039	0.0
6115	3.4689410353841588
9596	0.0
17797	0.0
28240	0.0
35202	0.0
392	0.0
3873	130.55363054675124
31721	0.0
24759	0.0
7354	0.0
21278	0.0
14316	0.0
10835	0.0
14021	0.0
97	731.0937466302192
24464	0.0
17502	0.0
34907	0.0
20983	0.0
27945	0.0
7059	1592.9818093846839
3578	9.08339768787514
10540	0.0
2103	0.0
9065	0.0
26470	0.0
5584	0.0
22989	0.0
29951	0.0
12546	0.0
7236	948.169047619048
274	569.3344522712341
35084	0.0
21160	0.0
3755	966.2383990781901
14198	0.0
31603	0.0
24641	0.0
17679	0.0
10717	0.0
19862	0.0
16381	0.0
12900	0.0
2457	389.07945155422743
5938	304.420963602194
33786	0.0
9419	0.0
23343	0.0
30305	0.0
19331	0.0
1926	0.0
22812	0.0
12369	68.30385084523033
8888	0.0
33255	0.0
26293	161.29247116544622
29774	1374.0
15850	0.0
3460	854.4932470449821
10422	0.0
13903	0.0
34789	0.0
27827	0.0
24346	0.0
6941	0.0
31308	0.0
20865	0.0
17384	0.0
11189	0.0
746	2192.0449382877982
14670	0.0
35556	1.7934226483265925
4227	240.41568711205142
7708	0.0
25113	0.0
28594	0.0
21632	0.0
4463	0.0
982	0.0
14906	0.0
25349	0.0
18387	0.0
35792	0.0
11425	289.62245366337515
21868	0.0
32311	0.0
16322	694.7570868439471
12841	0.0
19803	0.0
2398	0.0
9360	0.0
30246	0.0
5879	0.0
33727	0.0
23284	0.0
26765	229.0
26942	0.0
33904	0.0
30423	0.0
16499	0.0
6056	0.0
23461	0.9951864966594933
5289	0.0
15732	214.87756423758503
26175	0.0
22694	0.0
33137	0.0
1808	0.0
29656	0.0
12251	0.0
19213	99.5117280021474
8770	0.0
26411	0.0
33373	0.0
29892	0.0
2044	0.0
9006	0.0
22930	0.0
5525	0.0
15968	0.0
12487	0.0
17266	0.0
34671	0.0
10304	0.0
24228	0.0
3342	21.229162981560457
31190	0.0
20747	0.0
27709	0.0
6823	0.0
13785	0.7449403418911541
24936	229.0
35379	0.0
14493	0.0
21455	0.0
569	0.0
7531	0.0
17974	0.0
11012	0.0
4050	0.0
28417	0.0
3401	98.61236911792963
17325	0.0
27768	0.0
34730	0.0
10363	0.0
13844	0.0
20806	0.0
6882	0.0
31249	0.0
20452	0.0
10009	0.0
30895	0.0
3047	1087.5128932624475
16971	0.0
6528	0.0
13490	0.0
27414	0.0
34376	0.0
23933	0.0
13254	0.0
9773	687.0
23697	0.0
27178	0.0
34140	0.0
2811	0.0
16735	62.2894194992509
30659	0.0
20216	0.0
6292	0.0
19272	0.0
33196	0.0
1867	1267.0824064086626
15791	0.0
8829	0.0
26234	0.0
12310	0.0
5348	0.0
29715	0.0
7472	0.0
21396	0.0
17915	24.594579586540206
10953	0.0
35320	0.0
510	0.0
31839	0.0
14434	0.0
3991	3765.013528984222
28358	0.0
33550	0.0
19626	0.0
23107	0.0
9183	0.0
12664	0.0
26588	0.0
16145	0.12432414360725014
30069	0.0
26883	0.0
12959	0.0
16440	0.0
30364	0.0
2516	0.0
33845	0.0
9478	3485.6819228094323
23402	0.0
5997	3.563597782550728
19921	0.0
23874	0.0
2988	0.0
20393	0.0
27355	0.0
6469	3.7057554220354874
16912	0.0
34317	0.0
13431	0.0
30836	0.0
9950	228.8848494931698
21986	0.0
18505	0.0
25467	744.0578433766121
8062	0.0
1100	0.0
28948	0.0
4581	0.0
11543	0.0
25762	0.0
4876	0.0
18800	310.0199501606386
1395	0.0
29243	0.0
32724	0.0
11838	0.0
8357	10.904761904761875
22281	0.0
4286	0.0
18210	0.0
25172	0.0
11248	0.0
28653	0.0
14729	19.436740753115945
805	0.0
7767	0.0
21691	0.0
32134	0.0
35615	4.184462052370035
17620	0.0
24582	0.0
7177	1667.450806003701
10658	2111.93546458091
215	0.0
21101	0.0
35025	0.0
14139	0.0
3696	705.0124059378833
31544	0.0
31131	0.0
24169	0.0
34612	0.0
10245	32.86630835456892
17207	229.0
27650	0.0
3283	785.2828652231165
20688	0.0
13726	0.0
13372	0.0
9891	0.0
20334	630.5696905469963
30777	0.0
2929	1051.6170022841548
23815	0.0
6410	0.0
16853	0.0
34258	0.0
25998	0.0
19036	0.0
15555	4590.119746763278
5112	0.0
12074	916.0
1631	259.27464932237905
29479	0.0
8593	0.0
28299	0.0
35261	0.0
7413	0.0
451	0.0
31780	0.0
14375	0.0
17856	0.0
10894	0.0
24818	687.0
3932	3146.521131819006
21337	0.0
15496	0.0
25939	0.0
8534	0.0
12015	0.0
18977	0.0
32901	0.0
5053	0.0
1572	0.0
22458	0.0
29420	0.0
16617	0.0
6174	0.0
30541	0.0
20098	0.0
34022	0.0
23579	0.0
2693	324.1576423430246
13136	0.0
27060	0.0
9655	5.924391707004717
17443	0.0
13962	0.0
27886	0.0
10481	0.0
3519	0.0
20924	0.0
24405	0.0
31367	428.2110161670322
8121	0.0
22045	0.0
15083	0.0
29007	0.0
4640	0.0
32488	0.0
1159	0.0
11602	0.0
18564	0.0
25526	37.16439757732401
17089	0.0
27532	0.0
3165	0.0
6646	0.0
10127	0.0
13608	0.14918699744236355
31013	0.0
24051	0.0
29302	458.0
15378	0.0
32783	0.0
1454	4421.273977300945
22340	0.0
4935	0.0
11897	0.0
14611	0.0
4168	0.0
35497	0.0
32016	0.0
687	4.7290194558959175
21573	0.0
7649	0.0
25054	0.0
11130	0.0
18092	0.0
32842	0.0
4994	21.034390373777164
11956	0.0
22399	0.0
15437	0.0
1513	0.0
8475	971.7689246101722
25880	0.0
29361	0.0
18918	0.0
27237	0.0
20275	0.0
6351	0.0
23756	0.0
30718	0.0
16794	2192.2648535380667
13313	0.0
2870	0.0
34199	0.0
14257	0.0
3814	21143.876006905855
17738	8.154003347944984
35143	1401.1441464369557
7295	509.5393815143481
21219	0.0
10776	0.0
333	17871.628637159734
24700	0.0
28181	0.0
31662	0.0
19095	0.0
8652	0.0
5171	159.9196577589011
26057	0.0
15614	0.0
22576	0.0
12133	0.0
1690	3824.44751058928
29538	0.0
6587	0.0
27473	0.0
17030	0.0
34435	0.0
30954	0.0
3106	57.80021694799171
13549	256.44036790422484
23992	0.0
10068	229.0
14552	0.0
24995	2.784104686427805
35438	0.0
21514	0.0
11071	0.0
7590	1259.5
4109	0.0
628	0.0
3637	111.36370206946698
17561	0.0
31485	0.0
14080	0.0
7118	1372.0607902788697
21042	0.0
28004	0.0
34966	0.0
10599	0.0
156	65434.00308622094
24523	0.0
29184	0.0
4817	0.0
15260	0.0
25703	0.0
11779	0.0
22222	0.0
1336	0.0
18741	0.0
8298	479.2142431537904
13667	0.4716117216117216
6705	0.0
10186	0.5276692318571844
17148	0.0
20629	0.0
34553	0.0
24110	0.0
3224	235.82637949783592
27591	0.0
33668	0.37246471362040334
9301	0.0
19744	15.622679988441865
30187	0.0
23225	0.0
26706	0.0
16263	0.0
5820	0.0
2339	0.0
12782	0.0
30010	0.643336439888164
5643	0.0
19567	0.0
26529	0.0
33491	0.0
23048	0.0
16086	0.0
9124	0.0
2162	3969.3333333333467
4522	0.0
32370	0.0
11484	0.0
21927	0.0
1041	0.0
18446	0.0
14965	0.0
28889	0.0
25408	0.0
8003	0.0
18269	0.0
32193	0.0
11307	0.0
14788	0.0
28712	0.0
7826	919.9830727695897
35674	0.0
4345	10.872097335064291
864	3151.522093458571
25231	0.0
21750	0.0
33609	0.0
12723	0.0
5761	0.0
26647	0.0
19685	0.0
23166	0.0
30128	229.0
2280	0.0
9242	0.0
16204	0.0
25585	0.0
22104	0.0
32547	0.0
8180	0.0
29066	0.0
15142	0.4380385202690823
18623	0.0
1218	0.0
4699	0.0
11661	0.0
