3428	935.9056435570895
13871	0.0
34757	0.0
10390	0.0
17352	0.0
27795	0.0
6909	0.0
31276	0.0
24314	458.0
20833	0.0
537	0.0
31866	0.0
24904	0.0
14461	0.0
4018	0.0
10980	0.0
28385	0.0
35347	0.0
7499	458.0
21423	0.0
124	0.0
10567	0.5049835973749016
31453	0.0
7086	0.0
27972	0.0
14048	0.0
24491	0.0
17529	0.0
21010	0.0
3605	0.0
6	63884.022883608035
10449	0.0
27854	3.551440635052268
6968	0.0
3487	0.0
20892	0.0
13930	0.0
34816	0.0
17411	0.0
31335	0.0
1481	24.904954905188855
15405	6.432437939251768
29329	0.0
18886	0.0
22367	0.0
11924	18.954103084459014
8443	0.0
25848	0.0
32810	0.0
21659	0.0
11216	0.0
4254	23.74050960366398
35583	0.0
14697	0.0
25140	0.0
18178	0.0
7735	0.0
32102	0.0
28621	0.0
15523	0.0
8561	0.0
5080	489.5781690253649
1599	0.0
12042	24832.019134598657
22485	0.0
19004	0.0
32928	0.0
3133	0.0
17057	693.5008969962653
27500	458.08958210265354
13576	0.0
34462	0.0
24019	0.0
30981	0.0
10095	2370.473960031464
1009	0.19944586037111647
14933	0.0
32338	0.0
11452	0.0
18414	0.0
28857	0.0
21895	0.0
4490	229.0
655	391.6607895200247
4136	0.0
14579	0.0
35465	0.0
25022	916.0
7617	0.0
11098	382.5970068899058
31984	0.0
21541	0.0
22308	0.0
32751	0.0
1422	3823.13882537432
8384	0.0
4903	916.0
15346	0.0
11865	0.0
25789	0.0
18827	458.0
29270	0.0
9151	0.0
2189	1245.8902388819247
33518	0.0
30037	0.0
16113	15.061151867465382
5670	0.0
12632	0.0
26556	0.0
32161	0.0
21718	0.0
28680	1155.0170484756345
832	0.0
4313	283.61793249388285
14756	0.0
18237	0.0
35642	0.0
7794	461.15582251285537
25199	0.0
9800	0.0
13281	0.0
6319	971.5704229851627
34167	0.0
2838	2609.3974874410546
27205	0.0
23724	230.087661316166
16762	0.0
30686	4.387475283790887
23134	0.0
2248	0.0
30096	0.0
16172	22.327439430467415
26615	0.0
12691	0.0
19653	0.0
33577	229.0
9210	293.89145310137087
33459	0.0
26497	0.0
12573	0.0
16054	0.0
19535	0.0
23016	0.0
5611	0.0
23488	0.9951864966594933
16526	0.0
33931	0.0
2602	0.0
6083	59.84986058042383
13045	0.0
20007	0.0
26969	0.0
9564	0.0
23193	301.33901706996573
26674	0.0
5788	0.0
16231	0.0
30155	0.0
33636	0.0
9269	0.0
19712	0.0
26320	0.0
33282	0.0
22839	0.0
19358	0.0
15877	0.0
29801	0.0
1953	0.0
5434	0.0
8915	0.0
12396	0.0
34403	0.0
23960	0.0
3074	247.0262102279246
30922	0.0
10036	0.0
20479	0.0
13517	133.24715963647475
6555	0.0
16998	147.15834382236352
27441	687.0
6378	0.0
16821	0.0
34226	0.0
23783	0.0
2897	0.0
9859	0.0
13340	0.0
34698	0.0
17293	0.0
27736	0.0
3369	240.32451153112473
10331	0.0
24255	0.0
31217	0.0
20774	0.0
6850	0.0
34285	229.0
20361	0.0
16880	0.0
2956	1079.5567038005058
13399	0.0
30804	0.0
23842	1832.0
9918	0.0
6437	0.0
29034	0.0
15110	0.0
18591	0.0
1186	20598.634405483106
4667	0.0
32515	0.0
25553	458.0
8148	0.0
11629	0.0
29388	0.0
11983	0.0
1540	379.27570402465227
32869	0.0
15464	0.0
25907	0.0
18945	0.0
22426	0.0
3900	1994.215378569516
28267	0.0
31748	0.0
35229	0.0
10862	0.0
24786	458.0
21305	0.0
17824	0.0
419	0.0
7381	0.0
3782	161.9323255417096
35111	0.0
17706	38.12516806494615
7263	0.0
21187	0.0
301	83.8052699135054
24668	0.0
31630	0.0
14225	0.0
28149	0.0
10744	240.43506889914292
15287	0.0
32692	0.0
11806	0.0
18768	0.0
25730	0.0
8325	0.0
29211	1384.0292844273047
4844	30.257313680448412
5198	0.0
15641	0.0
22603	0.0
8679	0.0
1717	0.0
33046	0.0
29565	0.0
26084	0.0
12160	0.0
19122	0.0
19948	0.0
16467	0.0
30391	0.0
6024	0.0
23429	0.0
9505	0.0
26910	0.0
33872	0.0
31925	0.0
35406	0.0
24963	0.0
7558	580.6381789361326
21482	0.0
18001	0.0
11039	0.0
596	6945.96084985738
4077	909.7583818733842
32574	0.0
18650	0.0
11688	0.0
4726	498.29476076054016
15169	0.0
1245	0.0
29093	0.0
8207	0.0
22131	0.0
25612	71.22913560741192
18709	0.0
32633	0.0
22190	0.0
4785	0.0
25671	0.0
1304	4.092611571719914
11747	0.0
29152	0.0
15228	0.0
11334	497.2158064177762
14815	0.0
32220	0.0
891	0.0
35701	0.0
25258	0.0
21777	0.0
7853	0.9648941254823609
28739	0.0
27028	0.0
13104	0.0
20066	0.0
6142	0.0
9623	0.0
30509	0.0
2661	281.91539701897955
16585	0.0
23547	0.0
33990	0.0
32043	0.0
14638	54.50947187078185
35524	276.38107735315316
11157	0.0
25081	0.0
21600	0.0
7676	458.0
4195	0.0
714	0.0
14402	0.0
31807	0.0
35288	0.0
28326	0.0
10921	0.0
17883	0.0
24845	0.0
7440	0.0
478	0.0
3959	0.0
21364	0.0
19063	0.0
12101	0.0
26025	0.0
32987	0.0
1658	1974.4475813087556
8620	0.0
15582	0.0
29506	712.9560275191353
5139	0.0
22544	456.0
16644	0.0
9682	0.0
6201	0.0
20125	2.6717331690636814
27087	0.0
23606	0.0
13163	0.0
2720	229.0
30568	0.0
34049	0.0
6791	458.2678066757932
10272	0.0
17234	0.0
31158	0.0
3310	0.0
34639	0.0
27677	0.0
24196	0.0
13753	0.08095729766580706
16703	0.0
20184	0.0
6260	0.0
9741	0.0
2779	3134.2818650579457
34108	0.0
23665	0.0
30627	0.0
13222	0.0
26202	0.0
19240	0.0
5316	0.0
22721	720.9432817534476
1835	0.0
12278	0.0
15759	0.0
29683	0.0
33164	0.0
8797	0.0
8974	0.0
12455	0.0
33341	0.0
15936	0.0
2012	0.0
26379	0.0
22898	0.0
29860	0.0
34521	0.0
24078	78.82229071050743
27559	0.0
10154	0.0
13635	0.0
3192	342.22001761059
20597	0.0
6673	0.0
17116	10.808835796533241
31040	0.0
23311	0.0
26792	0.0
19830	0.0
33754	0.0
5906	0.0
16349	0.0
30273	0.0
9387	0.0
2425	0.0
12868	0.0
26143	50.5798023693179
12219	0.0
29624	0.0
33105	0.0
5257	0.0
15700	0.0
19181	0.0
8738	0.0
22662	0.0
33695	0.0
26733	0.0
9328	0.0
30214	0.0
12809	0.0
16290	0.0
19771	0.0
5847	0.0
2366	0.0
23252	0.0
13458	0.0
30863	0.0
6496	0.0
23901	0.0
34344	0.0
16939	0.0
20420	0.0
9977	0.0
27382	0.0
3015	252.59561730011666
10685	723.63567110713
17647	0.0
3723	74.56712087091319
35052	0.0
7204	2839.177911039413
242	229.0
21128	0.0
24609	0.0
28090	0.0
14166	0.0
32456	0.0
4608	779.5668316272086
22013	0.0
25494	0.0
8089	0.0
28975	0.0
1127	0.0
11570	0.0
15051	37.03410261356099
4549	0.0
28916	0.0
14992	0.0
18473	0.0
21954	229.0
1068	277.32965217291076
11511	5.111954009540895
8030	0.0
25435	0.0
10626	0.0
14107	0.0
31512	0.0
21069	0.0
7145	1863.0861881671435
24550	0.0
17588	0.0
3664	0.0
183	0.0
28031	15.664408617857738
15818	978.4305992593052
29742	0.0
33223	0.0
22780	0.0
26261	0.0
19299	0.0
8856	0.0
12337	0.0
5375	0.0
30332	0.0
19889	2.6835525530980084
16408	161.27883414156761
5965	0.0
12927	0.0
23370	0.0
2484	0.0
9446	0.0
33813	0.0
26851	0.0
28798	1879.296797641372
11393	0.0
21836	0.0
32279	1.2801307083112705
25317	6.565676821424766
4431	0.0
14874	0.0
950	0.0
7912	0.0
35760	0.0
29919	0.0
26438	0.0
15995	0.0
9033	0.0
19476	0.0
22957	0.0
33400	0.0
12514	0.0
5552	0.0
2071	0.0
13989	0.0
17470	0.0
31394	2347.25
3546	0.0
24432	0.0
65	0.0
20951	0.0
27913	0.0
13694	687.0
10213	0.0
6732	0.0
17175	4.251129377687773
27618	0.0
24137	0.0
3251	0.0
35170	0.0
17765	0.0
28208	0.0
10803	0.0
21246	0.0
14284	0.0
7322	7.96617812740453
31689	0.0
3841	662.9048528455802
360	90073.59552081549
