2697	849.9569191997308
34026	0.0
9659	11818.807365632654
23583	0.0
13140	0.0
6178	0.0
16621	0.0
27064	0.0
30545	0.0
14792	0.0
32197	0.0
868	42.211483387096735
18273	0.0
7830	0.0
35678	0.0
4349	0.0
25235	0.0
28716	0.0
11311	13.17750415656385
21754	0.0
14733	0.0
21695	0.0
809	0.0
35619	0.0
25176	0.0
4290	789.4389242849213
7771	0.0
32138	0.0
18214	0.0
11252	0.0
28657	0.0
691	1574.5826693819527
4172	49.29650645781314
25058	0.0
21577	0.0
32020	0.0
18096	0.0
14615	0.0
26592	0.0
2225	34673.95213964469
16149	0.0
30073	0.0
19630	0.0
9187	424.82711511502794
33554	0.0
23111	0.0
12668	0.0
17742	0.0
337	0.0
31666	0.0
21223	0.0
24704	0.0
10780	0.0
7299	0.0
28185	0.0
3818	462.31997311753304
3700	1145.0
219	7383.701378922427
31548	0.0
17624	0.641002842420964
24586	0.0
28067	0.0
7181	0.0
21105	0.0
10662	0.0
11075	0.0
632	7638.90367351452
14556	0.0
21518	0.0
31961	0.0
4113	0.0
7594	13.880795596246038
24999	940.156438207511
18568	0.0
32492	0.0
1163	0.0
22049	0.0
11606	0.0
15087	0.0
8125	0.0
25530	0.0
4644	0.0
29011	0.0
14851	0.0
927	0.0
35737	0.0
7889	0.0
21813	0.0
25294	0.0
11370	0.0
28775	0.0
4408	0.0
1635	0.0
29483	0.0
12078	0.0
15559	0.0
19040	0.0
22521	0.0
26002	0.0
5116	762.4636679685677
32964	0.0
5057	0.0
1576	453.0173965438282
15500	0.0
29424	0.0
8538	0.0
32905	0.0
18981	0.0
12019	0.0
22462	0.0
1458	0.0
18863	0.0
32787	0.0
25825	41.645743206980455
11901	262.75723496523113
15382	0.0
22344	0.0
8420	0.0
29306	343.5
14438	5667.8938831921
514	312.594500488074
31843	0.0
10957	0.0
3995	0.0
7476	50.224379704683045
21400	0.0
17919	0.0
24881	0.0
3287	0.0
17211	309.15898530904025
34616	0.0
27654	0.0
31135	0.0
10249	0.0
13730	0.0
6768	0.0
24173	0.0
3169	0.0
6650	0.0
27536	0.0
10131	0.0
24055	0.0
13612	0.0
34498	0.0
31017	0.0
17093	0.5887762707441608
6414	0.0
30781	38.93641497249864
34262	0.0
2933	456.3892150908447
20338	0.0
27300	0.0
13376	0.0
9895	0.0
23819	0.0
16857	0.0
29129	0.0
32610	0.0
1281	0.0
4762	0.0
8243	0.0
22167	0.0
25648	0.0
15205	0.0
11724	0.0
2461	0.0
30309	0.0
33790	0.0
16385	0.0
12904	0.0
19866	0.0
9423	0.0
23347	0.0
26828	0.0
5942	0.0
16208	0.0
19689	0.0
30132	0.0
33613	0.0
2284	0.0
9246	0.0
12727	0.0
26651	0.0
5765	0.0
23170	0.0
11783	0.0
22226	0.0
18745	0.0
1340	23833.572181747742
8302	0.0
25707	0.0
15264	0.0
34203	0.0
2874	237.91105954354157
30722	0.0
9836	0.0
20279	0.0
23760	0.0
27241	0.0
6355	0.0
13317	0.0
16798	0.5887762707441608
32374	0.0
14969	0.0
25412	0.0
28893	0.0
8007	0.0
1045	296.2890610648207
21931	0.0
18450	0.0
11488	0.0
4526	38.86510659124066
27890	0.0
42	41065.17287711056
24409	0.0
17447	0.0
20928	0.0
34852	0.0
10485	0.0
7004	0.0
13966	0.0
3523	1.568212222463707
25117	0.0
32079	0.0
35560	71.5225023027024
4231	0.0
11193	919.5907467192571
750	0.0
14674	0.0
7712	927.4793061441145
21636	0.0
18155	0.0
10072	0.0
34439	0.0
20515	0.0
30958	0.0
3110	0.0
23996	0.0
6591	0.0
13553	0.0
27477	0.0
15972	459.625
33377	0.0
5529	0.0
12491	0.0
2048	0.0
26415	0.0
9010	0.0
22934	0.0
29896	0.0
18922	0.0
22403	0.0
29365	0.0
1517	0.0
25884	0.0
4998	2076.7255778929884
15441	0.0
11960	0.0
8479	0.0
32846	0.0
7417	0.0
3936	229.005698005698
35265	0.0
31784	0.0
455	0.0
21341	0.0
24822	0.0
17860	0.0
10898	0.0
28303	0.0
14379	0.0
22993	0.0
29955	0.0
19512	0.0
2107	0.0
33436	0.0
26474	0.0
9069	0.0
16031	0.0
5588	513.519220958309
7063	0.0
14025	1145.0
101	0.0
31430	0.0
3582	1000.5545957609061
10544	0.0
20987	0.0
24468	0.0
17506	0.0
34911	0.0
19748	0.0
9305	0.0
2343	0.0
33672	0.0
23229	0.0
30191	0.0
12786	1145.6773182900401
16267	27.239086994226636
26710	0.0
17565	0.0
10603	181.75453190817626
21046	0.0
24527	0.0
7122	1686.5386495911591
3641	0.0
14084	0.0
31489	0.0
28008	0.0
160	50822.22556504977
34970	0.0
33495	0.0
19571	0.0
5647	0.0
30014	0.0
23052	0.0
9128	160.25418395126374
2166	0.0
12609	0.0
15854	0.0
29778	0.0
33259	0.0
26297	0.0
22816	0.0
1930	0.0
12373	0.0
19335	0.0
8892	229.0
13789	0.0
27713	0.0
24232	0.0
17270	42.04139685721179
3346	0.0
10308	0.0
20751	0.0
31194	0.0
6827	1178.6315611794762
16680	0.0
13199	0.0
27123	0.0
30604	0.0
6237	0.0
23642	0.0
2756	4084.1223596138266
20161	0.0
34085	0.0
9718	46.216200909647114
8715	0.0
15677	0.0
26120	0.0
33082	0.0
22639	0.0
1753	0.0
29601	0.0
12196	0.0
19158	0.0
5234	0.0
13081	0.0
33967	0.0
6119	13471.793254778997
27005	0.0
2638	92.6030387290826
16562	0.0
20043	0.0
30486	0.0
9600	43093.17844432421
23524	0.0
29719	0.0
19276	0.0
22757	0.0
12314	0.0
15795	0.0
1871	0.0
33200	0.0
26238	687.0
8833	229.0
8656	0.0
29542	0.0
12137	0.0
15618	0.0
33023	0.0
22580	0.0
1694	0.0
19099	0.0
26061	0.0
5175	0.0
21282	0.0
10839	0.0
35206	0.0
396	0.0
17801	229.0
24763	0.0
28244	0.0
14320	0.0
31725	0.0
7358	2290.0
3877	0.0
34793	0.0
17388	0.0
20869	0.0
10426	0.0
27831	0.0
6945	0.0
31312	0.0
3464	256.9046668115246
13907	0.0
15913	0.0
22875	0.0
1989	0.0
8951	0.0
5470	0.0
12432	0.0
26356	0.0
19394	229.0
14497	0.0
17978	0.0
21459	0.0
24940	17.525974509884072
4054	0.0
11016	0.0
35383	0.0
573	0.0
28421	0.0
31902	0.0
7535	0.0
20220	0.0
30663	0.0
27182	0.0
13258	579.7245359862737
6296	0.0
16739	0.0
9777	29.155894312996267
23701	0.0
34144	0.0
2815	35.07404033007841
25766	0.0
18804	0.0
15323	0.0
32728	0.0
11842	620.3758517321426
4880	595.633793719277
8361	0.0
22285	0.0
1399	4.834819445829503
29247	0.0
31076	0.0
13671	0.0
34557	0.0
6709	0.0
17152	0.0
10190	19.66924773597941
20633	0.0
24114	0.0
3228	24.637073827227542
11547	0.0
21990	0.0
8066	0.0
4585	0.0
18509	0.912785927939528
25471	916.0
32433	3.1507019954273097
28952	0.0
1104	6.109391436884457
15028	0.0
10721	0.9907688477642083
24645	202.1297712591151
7240	238.2364285817849
35088	0.0
3759	0.2
17683	0.0
14202	0.0
31607	0.0
21164	0.0
278	58099.61578308377
12963	0.0
6001	0.0
23406	0.0
33849	0.0
26887	0.0
16444	0.0
30368	0.0
2520	0.0
19925	0.0
9482	19.801295793297157
31253	0.0
10367	0.0
34734	0.0
17329	2.501562198683689
6886	0.0
20810	0.0
27772	232.55144063505224
24291	0.0
3405	36163.629081306855
13848	4.866966581325407
21872	0.0
35796	0.0
4467	401.23663713516527
32315	1.4744313311451689
7948	0.0
25353	0.0
14910	0.0
28834	0.0
986	240189.0609785853
18391	0.0
19984	0.0
23465	0.0
16503	0.0
26946	0.0
6060	293.76870831550514
9541	26395.017475884917
2579	0.0
30427	0.0
33908	229.0
34380	0.0
13494	0.0
20456	0.0
27418	0.0
10013	0.0
23937	0.0
16975	0.0
6532	0.0
3051	0.0
15146	0.0
11665	981.9506174988281
18627	0.0
32551	0.0
25589	0.0
4703	0.0
8184	0.0
1222	0.0
29070	0.0
23878	47.63185307132311
9954	0.0
34321	0.0
6473	0.0
13435	0.0
16916	0.0
20397	1832.8196905469958
12255	0.0
8774	0.0
22698	0.0
5293	0.0
19217	0.0
26179	0.0
15736	0.0
29660	0.0
1812	23797.473417592566
33141	0.0
5883	509.9719400736892
30250	0.0
9364	0.0
26769	0.0
16326	172.30544718828526
12845	0.0
23288	0.0
19807	0.0
33731	0.0
2402	0.0
