33012	0.0
29531	0.0
1683	8127.58153081191
26050	0.0
8645	0.0
22569	0.0
19088	0.0
15607	0.0
5164	0.0
15017	0.0
1093	0.0
25460	0.16132776265318993
18498	0.0
32422	0.0
8055	395.4539010230169
28941	0.0
4574	6.827179101066819
11536	236.28900505355247
4102	0.13095238095238093
621	0.0
14545	0.0
24988	0.0
35431	0.0
11064	0.0
18026	0.0
31950	0.0
21507	0.0
6993	0.0
31	962.1343538491526
31360	0.0
13955	0.0
17436	0.0
24398	0.0
34841	114.5
27879	0.0
3512	127.594222223416
20917	0.0
267	2076.799492264929
10710	162.02334643005995
3748	0.0
21153	0.0
17672	0.0
31596	0.0
7229	459.1
10828	5.652167095514649
385	0.0
31714	0.0
24752	0.0
3866	73.60884465383488
28233	0.0
7347	19841.73025369032
17790	0.0
21271	0.0
9707	0.0
2745	0.0
13188	0.0
23631	0.0
27112	0.0
34074	0.0
30593	0.0
6226	0.0
739	16768.87062026459
25106	0.0
21625	0.0
7701	0.0
35549	95.35757910567672
11182	0.0
4220	0.0
28587	0.0
32068	0.0
14663	0.0
3984	215.49106209437832
503	1101.1257480419254
35313	286.25
7465	0.0
21389	0.0
31832	0.0
14427	0.0
24870	0.0
10946	0.0
17908	0.0
28351	0.0
1211	0.0
25578	0.0
15135	0.0
32540	0.0
4692	0.0
8173	0.0
11654	0.0
18616	0.0
15548	0.0
12067	0.0
1624	1320.9482192945075
22510	0.0
8586	0.0
5105	0.0
25991	0.0
29472	0.0
32953	0.0
19029	0.0
1447	0.0
32776	0.0
8409	458.0
25814	0.0
4928	0.0
11890	0.0
15371	3.0263352471809366
28882	0.0
25401	0.0
1034	0.0
14958	0.0
11477	0.0
7996	0.0
32363	0.0
21920	0.0
4515	0.0
18439	0.0
680	0.0
28528	0.0
32009	0.0
4161	0.0
35490	0.0
21566	0.0
7642	0.0
25047	0.0
12362	0.0
1919	0.0
19324	0.0
26286	0.0
29767	0.0
8881	902.3757488212511
33248	0.0
15843	0.0
22805	0.0
35372	0.0
24929	0.0
562	237.65975532076408
14486	0.0
7524	6.423761748875496
11005	0.0
21448	0.0
31891	0.0
28410	0.0
4043	0.0
15253	0.0
32658	0.0
25696	0.0
22215	0.0
1329	0.0
11772	0.0
18734	0.0
29177	0.0
4810	0.0
8527	0.0
1565	0.0
15489	0.43792290634168707
25932	0.0
18970	0.0
12008	0.0
5046	0.0
29413	0.0
33366	2.3006736271919035
22923	0.0
26404	0.0
15961	0.7061238937461574
8999	0.0
2037	3907.243853137425
19442	0.0
5518	0.0
12480	0.0
29885	0.0
22746	0.0
26227	0.0
15784	0.0
1860	0.0
8822	0.0
29708	378.4667482580476
12303	0.0
33189	0.0
19265	0.0
5341	0.0
17495	0.0
20976	0.0
90	2156.6343524382296
31419	0.0
27938	0.0
10533	0.0
3571	0.0
7052	0.0
24457	5.721435547365953
14014	0.0
22038	0.0
25519	0.0
4633	329.7347080262598
1152	0.0
29000	0.0
8114	4040.022351109769
32481	0.0
15076	229.0
11595	0.0
27053	0.0
16610	0.0
30534	0.0
23572	0.0
2686	91.3286144382742
13129	40.26072962972535
9648	613.2977442929607
34015	0.0
6167	0.0
12952	0.0
26876	0.0
19914	0.0
16433	0.0
33838	0.0
23395	0.0
5990	0.0
30357	0.0
29826	0.5543537223194597
12421	0.0
1978	44.600001210177666
19383	1.215680713265514
15902	0.0
33307	0.0
26345	0.0
11359	0.0
32245	0.0
916	0.0
7878	0.0
28764	39.05554758469994
25283	0.0
21802	0.0
4397	0.0
35726	0.0
18321	0.0
17377	0.0
24339	0.0
13896	0.0
31301	0.0
3453	2.6123429995993437
10415	0.0
6934	0.0
20858	0.0
21094	0.0
24575	0.0
31537	0.0
208	2310.786651156016
14132	0.0
17613	0.5887762707441608
3689	0.0
7170	19575.297472454364
28056	0.0
10651	462.037667016536
18911	0.0
4987	148.03793719910394
29354	0.0
11949	0.0
25873	0.0
8468	0.0
32835	0.0
15430	0.0
26817	0.0
33779	0.0
9412	0.0
16374	7.1036003441484254
2450	0.0
5931	0.0
23336	1145.0
12893	0.0
19855	0.0
23808	0.0
27289	0.0
2922	64.61118880055709
20327	557.9609842750339
34251	1023.5990962035235
13365	0.0
30770	0.0
6403	0.0
9884	0.0
16846	0.0
31183	0.0
20740	0.0
3335	37.26349615656359
24221	0.0
27702	0.0
10297	0.0
13778	0.0
34664	0.0
6816	194.98715361258132
17259	0.0
7406	0.0
24811	233.98168502510376
444	457.99178190385004
28292	0.0
35254	0.0
3925	0.0
10887	369.42008180895346
17849	0.0
21330	0.0
6521	71.40902864136487
20445	0.0
34369	0.0
3040	0.0
30888	0.0
13483	392.8754531186132
10002	0.0
23926	0.0
16964	0.0
20209	0.0
6285	0.0
9766	0.0
2804	12.632276103758823
30652	0.0
34133	0.5591463780103332
16728	0.0
27171	0.0
23690	0.0
23749	0.0
6344	0.0
30711	0.0
9825	189.09344036941596
27230	0.0
2863	0.0
34192	0.0
20268	0.0
16787	0.0
5695	0.0
30062	0.0
19619	0.0
23100	23.761776308011942
2214	5153.094299417445
12657	688.896067199439
33543	0.0
9176	0.0
16138	99.14157379595771
35608	0.0
11241	0.0
21684	0.0
25165	0.0
28646	0.0
32127	0.0
14722	0.0
18203	0.0
7760	0.0
798	36.8290932039947
4279	0.0
23218	0.0
16256	82.67663794165927
9294	0.0
12775	664.3249977854883
19737	0.0
26699	0.0
30180	0.0
33661	0.0
2332	0.0
18675	0.0
25637	0.0
15194	0.0
8232	0.0
11713	21.96945321945322
1270	2290.475553466649
32599	0.0
4751	1263.762321088692
6580	0.0
23985	0.0
30947	0.0
13542	1964.058348213164
34428	0.0
10061	704.7977251986274
3099	0.0
17023	0.0
27466	0.0
16315	0.0
5872	215.92841101155685
2391	0.0
26758	0.0
12834	0.0
9353	0.0
30239	0.0
33720	0.0
23277	0.0
19796	0.0
15666	0.0
12185	0.0
29590	0.0
8704	0.0
26109	744.9837466213467
1742	13.081223262330607
5223	0.0
19147	0.0
33071	0.0
21861	0.0
7937	0.0
25342	0.0
11418	0.0
35785	0.0
14899	0.0
18380	0.0
28823	0.0
975	0.0
32304	230.28013070831122
4456	0.0
31065	0.0
20622	0.0
17141	0.5887762707441608
24103	0.0
6698	0.0
10179	465.12497831365846
13660	0.0
3217	106.50273806482113
34546	0.0
27584	458.8482851534652
31655	0.0
21212	0.0
7288	0.0
326	68827.72575065495
17731	0.0
10769	0.0
3807	244.55540166527356
14250	0.0
26463	0.0
29944	0.0
33425	0.0
16020	36.495589826979554
5577	0.0
19501	0.0
2096	0.0
9058	0.0
31124	0.0
17200	0.0
24162	0.0
27643	0.0
13719	0.0
20681	0.0
10238	41.69023457849316
3276	118.15156401241889
34605	0.0
27997	0.0
10592	0.0
7111	0.0
17554	0.0
21035	0.0
14073	0.0
3630	2.527908506955457
34959	0.0
31478	0.0
149	23258.647927414182
24516	0.0
15725	0.0
5282	0.0
8763	0.0
33130	0.0
26168	0.0
22687	0.0
29649	0.0
12244	0.0
1801	0.0
10356	0.0
13837	0.0
24280	0.0
17318	0.0
6875	0.0
31242	0.0
34723	0.0
3394	0.017241379310344827
20799	0.0
27761	0.0
12716	0.0
19678	0.0
5754	0.0
23159	0.0
9235	0.0
30121	0.0
2273	0.0
26640	0.0
30003	0.0
23041	0.0
33484	0.0
12598	0.0
9117	0.0
16079	0.0
26522	0.0
2155	886.7322270120159
5636	0.0
19560	0.0
21743	0.0
14781	0.0
7819	237.90394893579793
11300	0.0
18262	0.0
35667	0.0
4338	219.01467055538726
25224	0.0
32186	0.0
16492	0.0
13011	0.32412280701754387
6049	1181.7546616992233
33897	0.0
23454	1214.1767398622324
9530	0.0
30416	0.0
19973	0.0
2568	0.0
26935	2977.0
25755	0.0
22274	0.0
4869	916.0
11831	30.23388013381719
29236	0.0
18793	0.0
8350	0.0
1388	3860.7095682359086
32717	0.0
15312	0.0
30829	0.0
23867	0.0
13424	1097.5958863473725
20386	1374.0
6462	0.0
16905	0.0
2981	2574.6462255984825
34310	0.0
10120	0.0
17082	0.0
13601	2.8368860028937073
27525	0.0
34487	0.0
3158	0.0
24044	0.0
20563	0.0
31006	0.0
13070	0.0
33956	0.0
6108	0.0
20032	0.0
30475	0.0
26994	0.0
23513	710.5171094071652
16551	3.6255880286168694
