393	4269.156565254348
17798	0.0
35203	0.0
3874	0.0
10836	0.0
7355	0.0
28241	0.0
24760	39.03026443299697
21279	0.0
157	0.0
7119	0.0
10600	560.3120968280626
14081	0.0
21043	0.0
3638	0.0
31486	0.0
28005	0.0
24524	0.0
1927	0.0
5408	0.0
8889	0.0
29775	0.0
26294	0.0
33256	0.0
22813	0.0
19332	0.0
15851	0.0
1868	3873.65788478525
19273	0.0
15792	0.0
33197	0.0
8830	0.0
29716	0.5543537223194597
12311	0.0
22754	0.0
26235	0.0
18919	0.0
11957	0.0
1514	0.0
29362	0.0
15438	0.0
25881	0.0
8476	1.7696487079680356
4995	0.0
22400	0.0
32843	0.0
16972	0.0
3048	5040.502339064198
6529	0.0
34377	0.0
13491	0.0
10010	0.0
30896	0.0
23934	0.0
27415	0.0
20453	0.0
6234	0.0
2753	997.5855454351208
23639	0.0
30601	0.0
34082	0.0
20158	0.0
16677	0.0
27120	0.0
9715	0.0
15261	33.76897092267558
4818	0.0
25704	0.0
1337	0.0
18742	1632.3132250555523
29185	2206.134205561412
11780	0.0
8299	0.0
27828	0.0
10423	0.0
20866	0.0
3461	534.8239202913401
34790	0.0
13904	0.0
17385	0.0
6942	1685.3650895156954
31309	0.0
18270	0.0
865	9064.977107227342
28713	0.0
11308	0.0
4346	0.016260162601626018
14789	0.0
35675	0.0
32194	0.0
21751	0.0
25232	0.0
7827	0.0
747	0.0
14671	65.85041760800917
25114	0.0
11190	714.0740827851678
7709	0.0
18152	0.0
28595	0.0
21633	0.0
4228	19.162835504476007
32076	0.0
35557	0.0
2281	0.0
23167	0.0
26648	0.0
19686	0.0
16205	343.5
12724	0.0
33610	0.0
30129	0.0
5762	0.0
9243	603.940469319817
18565	16.95160461533548
8122	0.0
11603	0.0
1160	0.0
4641	259.89935460883567
22046	0.0
25527	0.0
32489	0.0
15084	0.0
29008	0.1800283367604959
34259	0.0
9892	0.0
13373	0.0
16854	0.0
20335	0.0
30778	0.0
2930	27.561762044461076
23816	0.0
6411	0.0
16441	0.0
12960	0.0
2517	0.0
23403	479.6708071161189
26884	0.0
19922	0.0
5998	5.863966306096348
30365	0.0
33846	0.0
9066	689.3586176603162
22990	0.0
5585	0.0
16028	0.0
2104	0.0
12547	0.0
29952	0.0
19509	4.133571239030355
26471	0.0
33433	0.0
25409	0.0
28890	0.0
1042	1087.987343257157
8004	458.0
14966	0.0
11485	0.0
21928	0.0
32371	0.0
4523	0.0
10305	0.0
17267	0.0
20748	0.0
24229	0.0
13786	0.0
3343	113.73479337168448
27710	0.0
6824	0.0
34672	0.0
20984	0.0
17503	9.296237899225998
3579	130.24488145953316
7060	0.0
24465	0.0
14022	0.0
27946	0.0
98	0.0
31427	0.0
10541	0.0
25763	0.0
29244	0.0
18801	0.0
4877	0.0
11839	0.10127178520960904
8358	0.0
1396	24290.93823388781
15320	0.0
32725	0.0
35793	0.0
14907	704.8315953481556
28831	0.0
11426	0.0
983	0.0
4464	876.3183996636602
32312	0.0
25350	0.0
21869	0.0
30070	0.0
19627	0.0
33551	0.0
2222	0.0
16146	0.0
9184	0.0
23108	0.0
26589	0.0
12665	99.78567144053608
17857	0.0
7414	0.0
452	4.236285957570793
35262	0.0
14376	0.0
21338	0.0
3933	205.5221019478153
31781	0.0
24819	0.0
10895	0.0
28300	0.0
17326	0.0
13845	0.0
3402	0.0
6883	0.0
10364	0.0
31250	687.0
27769	229.0
20807	0.0
34731	0.0
29303	0.0
1455	2204.5116432729224
22341	0.0
18860	0.0
15379	0.0
4936	0.0
32784	0.0
11898	0.0
23698	0.0
2812	0.0
20217	28.878445751795127
9774	0.0
6293	0.0
13255	0.0
30660	0.0
34141	0.0
27179	0.0
29657	0.0
5290	1080.6605303030449
15733	0.0
1809	463.4881732658634
19214	0.0
26176	0.0
12252	0.0
33138	0.0
22695	0.0
8771	0.0
29067	0.0
32548	0.0
18624	0.0
25586	1.1135266433658875
1219	0.0
8181	0.0
22105	0.0
4700	49.71252682210502
11662	0.0
29834	0.0
19391	0.0
8948	0.0
1986	0.0
12429	0.0
22872	0.0
15910	0.0
26353	0.0
33315	0.0
8063	0.13687883717269245
25468	2519.0
28949	0.0
1101	458.0
15025	0.0
4582	48.47002713821108
11544	0.0
21987	0.0
18506	0.0
7296	17.82118506271893
35144	0.0
3815	2.62234662919231
28182	0.0
21220	0.0
10777	0.0
334	0.0
24701	0.0
17739	0.0
18978	0.0
22459	0.0
25940	0.0
8535	0.0
12016	0.0
32902	0.0
29421	0.0
1573	64.63736633240624
5054	0.0
15497	0.21978021978021975
5880	0.0
33728	0.0
19804	0.0
9361	0.0
23285	0.0
2399	0.0
16323	0.0
26766	0.0
30247	0.0
18683	0.0
11721	0.0
8240	0.0
22164	0.0
29126	0.0
1278	52004.172015861
32607	0.0
25645	0.0
19450	0.0
33374	0.0
15969	0.0
5526	0.0
12488	0.0
22931	0.0
26412	0.0
2045	0.0
9007	0.0
29893	0.0
13609	0.0
27533	0.0
10128	0.0
17090	0.0
3166	851.1310712463077
6647	4966.6886257752285
24052	0.0
34495	0.0
33787	0.0
5939	0.0
23344	712.3806209890367
26825	0.0
16382	0.0
19863	0.0
9420	0.0
2458	0.0
30306	2.172051042639278
21810	0.0
25291	0.0
28772	14.959166635642847
4405	0.0
32253	0.0
7886	458.0
11367	0.0
924	0.0
35734	0.0
18329	0.0
14848	0.0
12783	7.5084452297689115
5821	0.0
23226	0.0
16264	0.0
9302	0.0
33669	0.0
26707	0.0
2340	0.0
30188	0.0
19745	0.0
24583	0.0
14140	0.0
31545	0.0
28064	0.0
3697	0.0
7178	0.0
10659	1149.3958507584591
35026	0.0
216	0.0
21102	0.0
17621	0.0
6057	1290.2508992522878
13019	0.0
33905	0.0
2576	3394.5548559459244
30424	0.0
16500	0.0
26943	362.5833333333327
23462	28.58720624113045
4287	0.0
21692	0.0
14730	0.0
11249	0.0
32135	0.0
18211	0.0
7768	0.0
25173	0.0
35616	0.0
14494	0.0
24937	0.0
21456	0.0
4051	0.0
11013	0.0
570	1027.344890903807
17975	0.0
30719	0.0
13314	0.0
23757	0.0
20276	0.0
9833	0.0
6352	0.0
27238	0.0
34200	0.0
16795	6.074592991762187
17149	0.5887762707441608
31073	0.0
10187	2.0
13668	0.0
6706	0.0
20630	0.0
27592	0.0
24111	0.0
3225	18.602000629621486
34554	0.0
15674	0.0
33079	0.0
22636	0.0
19155	0.0
29598	0.0
12193	0.0
8712	0.0
5231	0.0
1750	0.0
26117	0.0
23049	0.0
16087	0.0
30011	0.0
26530	0.0
9125	315.8870354885414
33492	0.0
2163	0.0
5644	0.0
28536	0.0
25055	0.0
18093	458.0
4169	7.491674153977764
21574	0.0
11131	0.0
14612	0.0
7650	0.0
35498	0.0
32017	0.0
688	0.0
19096	0.0
29539	0.0
8653	0.0
33020	0.0
12134	229.0
5172	0.0
15615	1145.0
1691	0.0
22577	0.0
25999	0.0
19037	0.0
5113	0.0
15556	0.0
29480	20.648811139933077
32961	0.0
12075	0.0
1632	15.367442897911529
22518	0.0
13963	0.0
7001	0.0
17444	0.0
24406	0.0
3520	0.0
27887	0.0
34849	0.0
39	0.0
10482	0.0
31368	0.0
20925	0.0
13137	0.0
27061	0.0
23580	0.0
30542	0.0
20099	0.0
2694	18821.67172905708
9656	0.0
16618	0.0
6175	0.0
35321	0.0
17916	0.0
21397	0.0
31840	0.0
10954	0.0
7473	0.0
511	0.0
3992	0.0
14435	0.0
35085	0.0
7237	0.0
21161	0.0
10718	0.0
17680	8.713758349693157
28123	0.0
3756	0.0
24642	229.0
31604	0.0
275	709.2539478808465
23993	0.0
17031	0.0
27474	0.0
13550	0.0
34436	0.0
6588	0.0
10069	0.0
3107	474.8345907055205
6470	1145.0
16913	0.0
30837	0.0
23875	0.0
13432	37.78126639805677
27356	0.0
20394	0.0
2989	0.0
9951	0.0
34318	0.0
24170	0.0
10246	360.30537340636846
31132	0.0
13727	0.0
34613	0.0
17208	18.900744843363086
3284	0.0
27651	0.0
6765	53.647421943110935
6116	0.0
30483	0.0
16559	0.0
33964	0.0
13078	0.0
27002	0.0
20040	0.0
9597	0.0
23521	0.0
2635	69.26140635115526
28477	0.0
11072	0.0
21515	0.0
14553	0.0
24996	0.0
35439	0.0
31958	0.0
4110	0.0
629	0.0
18034	0.0
7591	0.0
