23348	0.0
2462	0.0
16386	0.0
5943	471.3468116260502
33791	0.0
19867	19.53724310194449
9424	0.0
27655	0.0
3288	7.790369534081161
20693	0.0
13731	0.0
17212	0.0
24174	0.0
10250	0.0
6769	0.0
18805	0.0
1400	0.0
32729	0.0
11843	0.0
22286	0.0
4881	0.0
25767	458.0
8362	0.0
29248	489.6014268126917
4055	0.0
31903	0.0
574	0.0
14498	0.0
35384	0.0
7536	0.0
24941	0.0
11017	0.0
21460	0.0
32139	0.0
14734	0.0
7772	0.0
810	0.0
18215	0.0
35620	0.0
21696	0.0
28658	0.0
4291	77.5689836761855
11253	0.0
25177	0.0
13436	0.0
20398	0.0
2993	1.0341890515274355
34322	0.0
16917	1.8039587033311655
23879	46.943079294761745
30841	0.0
9955	0.0
27360	0.0
12787	0.0
30192	0.0
2344	0.0
19749	0.0
33673	0.0
5825	0.0
9306	0.0
23230	0.0
16268	0.0
1577	1412.7087418669994
12020	0.0
5058	15.9030469792127
8539	0.0
15501	0.0
18982	0.0
22463	0.0
32906	2.661001778225252
29425	0.0
2875	73.94156882513295
34204	0.0
6356	24.362124267398094
30723	0.0
20280	0.0
27242	0.0
13318	0.0
9837	3485.137048784103
23761	0.0
16799	0.24136217361195975
869	0.0
11312	0.0
7831	0.0
32198	0.0
21755	0.0
25236	0.0
28717	0.0
14793	0.0
35679	229.0
4350	0.0
3170	0.0
6651	0.0
10132	0.0
13613	0.0
17094	0.5887762707441608
31018	0.0
20575	0.0
27537	0.0
24056	0.0
33260	23.509935183265046
12374	0.0
19336	0.0
5412	0.0
1931	663.3529818683456
26298	0.0
8893	0.0
22817	0.0
15855	0.0
30664	0.0
6297	0.0
27183	0.0
16740	0.0
34145	0.0
2816	5238.1574058602
13259	0.0
9778	1423.0050290759373
23702	0.0
20221	0.0
10073	0.0
6592	0.0
23997	0.0
30959	0.0
3111	229.0
17035	0.0
27478	0.0
13554	10.732510249815016
34440	0.0
10545	0.0
7064	0.0
102	425.73034930714635
14026	75.04222598255963
3583	0.0
17507	44.56196497462638
27950	0.0
24469	0.0
31431	0.0
20988	0.0
32611	0.0
25649	0.0
4763	0.0
8244	0.0
1282	321.88848895853187
15206	688.8179125786072
11725	10972.452141874639
22168	3091.5
29130	0.0
8716	0.0
12197	0.0
15678	0.0
1754	0.0
33083	0.0
22640	0.0
19159	0.0
29602	0.0
26121	233.87894728256293
14557	0.0
35443	0.0
4114	0.0
633	0.0
31962	0.0
21519	0.0
25000	0.0
7595	0.0
11076	0.0
18038	0.0
2698	769.6519947647613
27065	0.0
16622	0.0
6179	0.0
9660	19.633930512960593
34027	0.0
23584	0.0
20103	0.0
30546	0.0
13023	0.0
26947	0.0
19985	0.0
16504	2.321295221586966
30428	0.0
2580	0.0
9542	0.0
33909	0.0
23466	0.0
6061	2934.0858325563777
17625	0.0
14144	0.0
35030	0.0
220	5840.481617463264
28068	114.0
31549	0.0
3701	0.0
24587	0.0
21106	0.0
10663	254.24546661556414
7182	43.6190476190475
10781	0.0
3819	0.0
24705	0.0
14262	0.0
28186	1283.6371997014692
31667	0.0
21224	0.0
17743	0.0
338	28162.67139041979
7300	0.0
35148	0.0
28127	0.0
17684	0.0
279	0.0
24646	0.0
3760	406.33225482047106
7241	79.6663137808344
21165	0.0
10722	0.0
31608	0.0
32021	0.0
28540	0.0
21578	0.0
692	504.08905392345974
25059	0.0
18097	0.0
14616	0.0
4173	3.012872828412193
29720	0.0
33201	0.0
12315	0.0
22758	0.0
26239	0.0
19277	0.0
1872	0.0
8834	0.0
5353	0.0
19041	0.0
15560	0.0
8598	0.0
26003	0.0
29484	0.0
12079	0.0
32965	0.0
1636	1328.7928760248246
5117	17.765442009198132
26475	0.0
9070	0.0
2108	278.7211102379776
29956	0.0
5589	0.0
33437	0.0
16032	0.0
19513	0.0
8303	0.0
22227	0.0
32670	0.0
18746	0.0
15265	0.0
4822	0.0
1341	3439.1003025476957
25708	0.0
11784	0.0
14911	0.0
11430	0.0
32316	0.0
4468	764.9386663997457
7949	191.71480524424592
25354	0.0
35797	0.0
987	5333.032460894197
28835	229.18002833676047
21873	0.0
7359	0.0
14321	0.0
17802	40.37001173363826
24764	0.0
28245	0.0
3878	241.88593874849602
397	0.0
21283	0.0
10840	0.0
31726	0.0
3642	0.0
21047	0.0
7123	243.501366786229
24528	233.44174748820834
31490	0.0
10604	0.0
161	23624.404731031696
28009	1145.0
14085	0.0
17566	0.0
30487	0.0
13082	24.447795123004724
16563	0.0
23525	3.831189301777272
33968	0.0
20044	0.0
2639	902.7361366041271
6120	0.0
9601	109.00264075255258
23407	0.0
33850	0.0
19926	0.0
30369	0.0
12964	0.0
6002	0.0
9483	0.0
2521	0.0
16445	0.0
26888	0.0
19572	0.0
30015	0.0
9129	0.0
5648	0.0
2167	0.0
23053	0.0
33496	0.0
26534	0.0
28363	77.51364348441797
14439	0.0
3996	0.0
21401	0.0
17920	0.0
515	0.0
10958	0.0
24882	0.0
31844	0.0
7477	0.0
4232	46.53926285833275
14675	0.0
18156	0.0
32080	0.0
21637	0.0
751	0.0
35561	0.0
7713	0.0
11194	1201.511355949931
25118	0.0
28599	0.0
29897	0.0
9011	0.0
5530	0.0
2049	0.0
12492	36.66611277560606
33378	0.0
15973	0.0
26416	0.0
22935	0.0
19454	0.0
25885	0.0
22404	29.799298652917066
11961	0.0
32847	458.0
8480	0.0
15442	0.0
1518	0.0
4999	0.0
18923	0.0
29366	0.0
31372	0.0
10486	36.467376078942564
7005	0.0
43	0.0
13967	0.0
3524	1047.129563247157
34853	0.0
20929	0.0
24410	0.0
27891	0.0
17448	255.28028277623525
9247	0.0
26652	0.0
33614	0.0
5766	0.0
12728	0.0
16209	0.0
23171	0.0
2285	0.0
19690	0.0
30133	0.0
10014	0.0
20457	0.0
27419	0.0
30900	0.0
34381	0.0
23938	0.0
6533	458.0
3052	0.0
16976	0.0
13495	0.0
17271	0.0
6828	0.0
34676	0.0
3347	0.0
31195	0.0
27714	0.0
13790	0.0
10309	0.0
24233	0.0
16858	0.0
6415	0.0
20339	0.8196905469961837
34263	0.0
9896	289.5473840859387
2934	730.4555674702526
13377	0.0
23820	3.267234778794726
30782	0.0
27301	0.0
32375	0.0
4527	458.0
8008	0.0
28894	0.0
14970	0.0
25413	5.40193201357279
11489	0.0
1046	1841.8007351784158
21932	0.0
19808	213.51657664967763
16327	0.0
9365	0.0
30251	229.02010050251255
23289	0.0
33732	0.0
26770	2.5675070694317443
5884	0.0
2403	0.0
12846	0.0
27832	0.0
13908	0.0
34794	0.0
17389	1.5015621986836891
10427	0.0
24351	0.0
20870	0.0
3465	0.0
31313	0.0
16681	0.0
13200	0.0
27124	0.0
9719	0.0
20162	0.0
30605	0.0
6238	0.0
2757	0.0
34086	0.0
31254	0.0
24292	0.0
6887	0.0
27773	801.5
13849	163.46165880601563
20811	0.0
3406	0.0
10368	0.0
34735	0.0
8952	0.0
15914	0.0
26357	0.0
33319	0.0
5471	0.0
29838	0.0
22876	0.0
19395	0.0
1990	0.0
34558	0.0
17153	36.64625930695295
20634	0.0
31077	0.0
10191	0.0
27596	0.9135776969708523
24115	0.0
6710	0.0
3229	7.58827710570303
13672	0.0
22109	0.0
11666	0.0
8185	0.0
32552	0.0
18628	0.0
29071	0.0
4704	0.0
25590	0.0
15147	0.0
1223	547.8845868707002
35738	0.0
14852	0.0
11371	0.0
18333	0.0
7890	0.0
4409	433.5271411298459
32257	0.0
25295	0.0
28776	0.0
21814	0.0
928	0.0
15029	0.0
32434	0.0
21991	0.0
8067	5.847540684567437
25472	335.6266622724559
11548	0.0
4586	0.0
18510	0.0
1105	0.0
14380	0.0
21342	0.0
17861	0.0
24823	0.0
28304	0.0
7418	993.8288180014367
3937	0.0
10899	0.0
456	0.0
31785	0.0
35266	0.0
22699	0.0
33142	0.0
29661	0.0
19218	0.0
8775	0.0
15737	0.0
5294	0.0
12256	38.36172494439071
1813	465.92695108368
26180	0.0
15383	0.0
18864	0.0
8421	0.0
11902	11.283932706422044
29307	0.0
25826	377.4110530039962
22345	0.0
32788	0.0
1459	1872.5127659977143
26593	0.0
23112	0.0
30074	0.0
16150	0.0
12669	0.0
9188	0.0
33555	0.0
2226	0.0
19631	0.0
4645	1452.8527460995906
25531	0.0
32493	0.0
29012	0.0
18569	51.468374734870075
22050	0.0
8126	162.33655138197972
15088	9.422814632092138
1164	10991.01504250796
8657	0.0
15619	2519.0
19100	0.0
12138	0.0
22581	0.0
29543	0.0
5176	0.0
1695	3285.38229873689
33024	0.0
