3392	0.0
13835	0.0
24278	0.0
17316	0.0
6873	2.9680241739210755
20797	0.0
10354	229.0
31240	0.0
34721	0.0
27759	0.0
26225	0.0
33187	0.0
29706	0.0
1858	734.1003163364744
19263	2343.679350231678
12301	0.7117376819148806
8820	0.0
22744	0.0
15782	0.0
2625	0.0
13068	0.0
9587	0.0
26992	0.0
20030	0.0
33954	0.0
16549	0.0
30473	0.0
6106	3781.9656567667635
23511	0.0
7876	0.0
28762	0.0
14838	0.0
21800	0.0
914	0.0
11357	0.0
25281	0.0
32243	0.0
18319	0.0
4395	0.0
35724	0.0
737	0.0
32066	0.0
25104	0.0
35547	5.201195291719112
11180	0.0
7699	0.0
28585	0.0
4218	238.29141504562068
14661	0.0
21623	0.0
18142	0.0
12183	688.2289424817648
15664	0.0
1740	0.0
33069	0.0
22626	0.0
26107	2118.25
5221	0.0
29588	0.0
8702	0.0
19145	0.0
26284	0.0
1917	989.715947772247
22803	0.0
29765	0.0
19322	0.0
5398	0.0
8879	0.0
33246	0.0
12360	37.06802898955961
15841	0.0
2920	31.981323369139695
6401	0.0
16844	0.0
23806	0.0
9882	808.7491811475924
13363	0.0
27287	0.0
34249	0.0
30768	0.0
20325	0.0
23452	687.0
30414	0.0
2566	815.0617976076364
19971	0.0
13009	0.0
6047	5.073497156796307
26933	648.8333333333338
16490	0.0
9528	1301.358420734324
18791	0.0
1386	863.3237207997397
4867	1110.340788580031
32715	0.0
25753	0.0
8348	0.0
11829	0.0
15310	0.0
973	0.0
7935	0.0
32302	1.5913628945955898
35783	0.0
14897	0.0
18378	0.0
11416	0.0
4454	0.48170404876926615
25340	0.0
21859	0.0
28821	0.0
10649	0.0
28054	0.0
206	0.0
31535	0.0
14130	0.0
3687	0.0
24573	0.0
21092	0.0
7168	1.3466946840924314
17611	0.0
28880	0.0
4513	1859.0848398447042
1032	5445.424406196026
14956	0.0
11475	0.0
25399	0.0
21918	0.0
7994	0.0
18437	0.0
32361	0.0
2330	0.0
26697	0.0
23216	0.0
33659	0.0
16254	0.0
30178	0.0
19735	0.0
9292	0.0
5811	0.0
12773	0.0
16667	0.0
2743	64.72892797504063
30591	0.0
27110	0.0
9705	0.0
20148	0.0
13186	0.0
23629	300.93125262350605
6224	0.0
34072	229.0
3038	27.155544143413334
34367	0.0
16962	0.0
30886	0.0
6519	0.0
27405	0.0
10000	22.689549769450895
23924	0.0
20443	0.0
29942	0.0
5575	0.0
26461	0.0
19499	0.0
9056	0.0
16018	0.0
12537	0.0
1799	458.0
5280	0.0
29647	0.0
22685	0.0
12242	61.57049405663774
19204	0.0
15723	0.0
33128	0.0
6283	0.0
2802	426.8966643106539
34131	0.0
20207	0.0
16726	0.0
9764	0.0
30650	0.0
13245	0.0
23688	0.0
27169	0.0
25812	0.0
22331	0.0
11888	0.0
8407	0.0
15369	0.0
1445	259449.13870541603
29293	0.0
18850	0.0
32774	0.0
21505	0.0
28467	0.0
18024	0.0
619	13493.516180706645
14543	0.0
7581	0.0
24986	0.16695652173913045
35429	0.0
4100	198.3794963065522
31948	0.0
32007	0.0
35488	0.0
28526	0.0
25045	0.0
678	0.0
21564	0.0
14602	0.0
11121	0.0
7640	0.0
4159	0.0
32538	0.0
8171	3.692586777912549
29057	0.0
25576	0.0
1209	0.0
4690	0.0
18614	0.0
22095	0.0
11652	0.0
31417	0.0
10531	1127.7634282469355
7050	0.0
20974	0.0
27936	0.0
17493	20.866415665691008
24455	0.0
88	3292.604599070046
14012	229.0
3569	0.0
12655	0.0
26579	0.0
2212	0.0
16136	0.0
30060	0.0
19617	0.0
33541	0.0
9174	27.913184676548358
5693	0.0
28644	0.0
14720	0.0
796	0.0
21682	0.0
11239	0.0
25163	0.0
4277	0.0
32125	0.0
7758	0.0
35606	0.0
18201	0.0
14248	0.0
31653	0.0
35134	0.0
10767	0.0
3805	43.63124436205174
324	0.0
7286	1871.298224461023
24691	0.0
17729	0.0
21210	0.0
35311	0.0
17906	110.74223887992551
31830	0.0
24868	0.0
501	0.0
7463	0.0
3982	5.319891738376396
21387	0.0
14425	0.0
34426	0.0
23983	0.0
10059	0.0
17021	0.0
27464	8.148222769374081
3097	0.0
6578	0.0
13540	0.0
30945	0.0
20502	0.0
19794	0.0
26756	0.0
30237	0.0
16313	0.0
5870	0.0
2389	4828.271781956337
23275	0.0
12832	0.0
29883	18.919566813867835
5516	0.0
12478	0.0
15959	0.0
2035	0.0
26402	0.0
8997	0.0
19440	0.0
22921	0.0
33364	0.0
31122	0.0
34603	0.0
20679	229.0
6755	4902.551730680954
10236	0.0
3274	323.4915565377754
17198	0.0
24160	0.0
27641	0.0
29824	0.0
19381	0.8862322297656454
26343	0.0
8938	0.0
15900	0.0
12419	0.0
33305	0.0
1976	0.0
28408	0.0
11003	0.0
17965	0.0
7522	0.0
35370	0.0
14484	0.0
21446	0.0
560	10337.910471627383
24927	0.0
31889	0.0
4041	96.87536315057508
19558	0.0
9115	229.0
30001	0.0
16077	334.70253023028283
26520	0.0
5634	43.0782573939466
23039	0.0
29175	229.0
32656	0.0
11770	0.0
1327	0.0
18732	0.0
17847	0.0
31771	0.0
35252	0.0
28290	0.0
21328	0.0
10885	0.0
3923	469.1866376642523
7404	0.0
442	4525.629348158674
15487	0.0
18968	0.0
8525	0.0
32892	0.0
1563	2006.198866745788
5044	0.0
25930	0.0
12006	0.0
5752	76.33333333333333
33600	0.0
16195	0.0
2271	0.0
26638	0.0
23157	0.0
9233	0.0
12714	0.0
30119	0.0
19676	420.67959697374886
11593	4.981594151962091
28998	0.0
32479	0.0
4631	0.0
1150	722.1671056243605
8112	0.0
22036	724.8780061188681
18555	0.0
25517	0.0
15074	0.0
9823	1032.2545189694597
30709	0.0
13304	229.46505043619266
6342	0.0
16785	848.86908503297
34190	0.0
27228	0.0
2861	0.0
20266	0.0
23747	0.0
11947	0.0
32833	0.0
29352	0.0
25871	0.0
1504	0.0
8466	0.0
7817	0.0
21741	0.0
855	71.3727966072291
11298	232.7295527383597
35665	0.0
4336	541.5803470220711
28703	0.0
25222	0.0
5162	0.0
12124	0.0
8643	0.0
19086	0.0
15605	0.0
26048	0.0
22567	0.0
1681	0.0
29529	0.0
33010	0.0
10590	0.0
3628	235.2397509758411
7109	2652.0519553579666
21033	0.0
17552	0.0
14071	0.0
34957	0.0
31476	0.0
24514	106.81469762639628
20915	0.0
13953	0.0
10472	0.0
17434	0.0
24396	0.0
27877	0.0
34839	0.0
29	0.0
6991	0.0
31358	0.0
10295	0.0
24219	0.0
31181	0.0
17257	0.0
27700	0.0
3333	0.0
13776	0.0
34013	0.0
16608	0.0
20089	0.0
6165	0.0
9646	8.869217066954608
23570	0.0
27051	0.0
13127	0.0
2684	245.46025726779888
30532	0.0
29470	916.0
15546	7.699634549598052
8584	0.0
1622	56.29893670748495
12065	0.0
19027	0.0
5103	0.0
25989	0.0
24101	0.0
10177	7581.0094167813
31063	0.0
27582	0.0
6696	26.713283805341444
17139	0.0
34544	0.0
13658	0.0
3215	0.0
13599	0.14918699744236355
31004	0.0
27523	229.0
20561	0.0
34485	0.0
24042	0.0
17080	47.655334415790385
3156	0.0
10118	0.0
6637	0.0
5988	0.0
12950	0.0
9469	0.0
33836	0.0
30355	0.0
16431	0.0
2507	0.0
26874	0.0
23393	0.0
23334	0.0
5929	0.0
33777	0.0
19853	0.0
12891	0.0
26815	0.9487997042371886
2448	0.0
16372	0.0
9410	0.0
30296	0.0
24337	0.0
20856	0.0
34780	0.0
13894	0.0
17375	0.0
10413	0.0
31299	0.0
6932	0.0
27818	0.0
3451	0.0
25458	58.35613191676989
32420	0.0
18496	0.0
11534	5.196909115131444
8053	0.0
15015	0.0
21977	0.0
28939	0.0
4572	0.0
1091	0.0
4749	0.0
25635	0.0
15192	0.0
32597	0.0
29116	0.0
18673	0.0
1268	0.0
11711	0.0
10708	0.0
3746	11.891359227236974
7227	0.0
35075	229.0
28113	0.0
24632	0.0
17670	0.0
21151	0.0
265	174.8476937430374
31594	0.0
23865	0.0
13422	99.26260148346726
34308	0.0
30827	0.0
9941	0.0
20384	0.0
6460	311.00832044988414
27346	0.0
16903	0.052226571676802884
2979	0.0
3864	268.12398207200806
24750	0.0
31712	0.0
10826	229.0
17788	0.0
35193	459.6606857438892
21269	0.0
7345	2290.0
28231	0.0
383	0.0
