12887	0.0
16368	0.0
33773	0.0
2444	0.0
19849	0.0
5925	0.0
30292	0.0
23330	0.0
9406	0.0
15955	3295.2393289946904
19436	0.0
33360	0.0
2031	16.79662388555243
22917	0.0
5512	0.0
26398	0.0
12474	0.0
29879	0.0
3152	144.88151839687546
10114	91.22866079065619
24038	262.4643995479226
20557	0.0
31000	0.0
6633	0.0
27519	0.0
13595	0.0
17076	0.0
2149	0.0
5630	0.0
23035	0.0
9111	0.0
19554	0.0
16073	0.0
33478	0.0
26516	0.0
12592	0.0
29997	0.0
19200	792.0493677852808
1795	0.0
22681	0.0
8757	0.0
29643	0.0
15719	0.0
33124	0.0
26162	0.0
12238	0.0
4273	41.06029921932984
792	0.0
7754	0.0
35602	0.0
28640	0.0
21678	0.0
25159	0.0
14716	0.0
32121	0.0
11235	0.0
6456	0.0
2975	0.0
27342	0.0
16899	0.0
34304	0.0
13418	1058.8202300574246
23861	0.0
9937	114.5
30823	0.0
20380	0.0
1205	1696.9221688834177
11648	2.0277843469716013
22091	0.0
4686	482.7993132880056
32534	0.0
18610	0.0
25572	0.0
29053	0.0
3329	0.0
17253	0.0
31177	0.0
13772	64.78096197536998
6810	0.0
10291	0.0
20734	0.0
24215	0.0
34658	0.0
27696	0.0
32003	0.0
11117	0.081563315087816
674	656.210472965843
21560	0.0
18079	0.0
4155	287.0289549352197
14598	0.0
35484	0.0
25041	0.0
28522	0.0
7636	0.0
2267	0.0
26634	0.0
12710	0.0
30115	0.0
16191	0.0
5748	0.0
19672	0.0
9229	0.0
33596	0.0
25867	0.0
11943	229.0
1500	0.0
4981	0.0
32829	0.0
22386	0.0
18905	0.0
8462	0.0
15424	0.0
29348	0.0
20085	0.0
13123	0.0
16604	0.0
2680	17.357064117645024
34009	0.0
30528	0.0
9642	0.0
23566	0.0
27047	0.0
6161	0.0
20262	0.0
2857	0.0
16781	0.0
23743	0.0
13300	0.0
9819	1480.68611549882
30705	6.605831013438666
27224	0.0
34186	0.0
6338	0.0
1972	881.3900826832411
15896	0.0
33301	0.0
19377	473.9781035253815
22858	0.0
29820	0.0
12415	1739.1582775612703
8934	0.0
5453	0.0
26339	0.0
556	1140.2531125365738
24923	0.0
17961	0.0
31885	0.0
28404	59.67526897096881
14480	0.0
4037	595.0033808377642
10999	0.0
21442	0.0
35366	0.0
15070	0.0
8108	0.0
1146	0.0
18551	0.0
11589	0.0
25513	0.0
28994	0.0
22032	0.0
4627	0.0
32475	0.0
24510	0.0
31472	0.0
21029	0.0
17548	0.0
14067	0.0
3624	0.0
10586	0.0
34953	0.0
7105	0.0
3447	9.245996253304652
31295	0.0
20852	0.0
27814	3.551440635052268
34776	0.0
24333	0.0
13890	114.5
10409	4.924737756508741
17371	0.0
25749	0.0
15306	0.0
4863	0.0
8344	0.0
11825	0.0
29230	0.0
1382	0.0
32711	0.0
22268	0.0
18787	0.0
24864	0.0
28345	0.0
21383	0.0
31826	0.0
3978	0.0
497	290.59588224741253
14421	0.0
7459	0.0
35307	0.0
17666	0.0
28109	0.0
35071	0.0
261	0.0
7223	2369.3563328551104
31590	0.0
3742	789.9043787740185
24628	0.0
21147	0.0
26044	0.0
12120	229.0
8639	0.0
33006	0.0
1677	0.0
19082	0.0
29525	0.0
15601	0.0
22563	0.0
5158	69.03666029524848
6987	25.435591954554464
31354	0.0
10468	0.0
24392	0.0
20911	0.0
27873	0.0
25	1153.2746082224853
17430	0.0
34835	0.0
3506	211.20295343769845
13949	0.0
20793	0.0
27755	0.0
6869	0.0
3388	0.0
34717	0.0
10350	47.612142594634946
17312	0.641002842420964
13831	0.0
24274	0.0
31236	0.0
10173	0.0
27578	0.0
17135	0.0
34540	0.0
3211	0.0
24097	0.0
20616	0.0
6692	0.0
7341	0.0
35189	1.66068574388931
31708	0.0
379	0.0
28227	0.0
17784	0.0
3860	31.11242391172699
10822	0.0
24746	687.0
21265	0.0
17489	0.0
3565	0.0
10527	6819.279183570089
34894	0.0
84	1600.911804351869
31413	0.0
7046	0.0
24451	0.0
14008	0.0
20970	0.0
27932	0.0
16958	0.0
27401	0.0
34363	0.0
13477	562.0840448797969
3034	671.0403118883469
30882	0.0
9996	0.0
23920	0.0
6515	2290.0
8049	0.0
25454	0.0
28935	0.0
4568	0.0
21973	0.0
1087	0.0
15011	0.0
11530	171.13624833490303
18433	0.0
28876	0.0
4509	0.0
25395	0.0
21914	0.0
32357	0.0
7990	0.0
1028	12.382112431001463
11471	37.898100145154146
32298	0.0
25336	0.0
7931	0.0
21855	0.0
28817	0.0
14893	0.0
4450	0.0
969	0.0
35779	0.0
11412	0.0
26929	0.0
16486	0.0
19967	0.0
33891	0.0
13005	0.0
23448	0.0
6043	0.13432524797866133
30410	0.0
9052	0.0
26457	0.0
33419	0.0
12533	0.0
16014	0.0
29938	0.0
2090	781.0259832709636
5571	0.0
19495	0.0
11176	0.0
25100	0.0
35543	0.8833443987430057
14657	282.17186671850925
4214	4707.144451573388
32062	0.0
21619	0.0
18138	0.0
733	487.59931669222414
7695	0.0
28581	0.0
19141	0.0
8698	0.0
1736	0.0
22622	0.0
12179	0.0
15660	0.0
29584	0.0
26103	0.0
32593	0.0
25631	0.0
11707	0.0
1264	33.72655359463476
22150	0.0
8226	0.0
18669	0.0
4745	0.0
17607	0.0
28050	0.0
7164	917.3466946840927
14126	0.0
21088	0.0
3683	4302.375696860647
31531	0.0
24569	6.302139381654985
202	37101.01546612114
10645	0.0
34599	0.0
20675	0.0
24156	0.0
17194	0.0
10232	0.0
31118	0.0
27637	0.0
3270	39.51677369697996
6751	0.0
13713	20.408453766427122
28758	0.0
11353	0.0
7872	0.0
32239	0.0
910	1380.824527479665
35720	0.0
21796	0.0
14834	0.0
4391	0.0
20321	458.0
6397	0.0
34245	0.0
16840	0.0
13359	0.0
2916	15079.086211004891
27283	0.0
9878	0.0
30764	0.0
13182	0.0
9701	0.0
20144	2.6717331690636814
34068	0.0
16663	0.0
2739	157.8131971456629
30587	0.0
27106	0.0
6220	0.0
16309	0.0
30233	0.0
19790	1493.331362655422
9347	0.0
26752	0.0
23271	0.0
12828	0.0
2385	0.0
5866	0.0
15247	0.0
22209	0.0
4804	0.0
1323	0.0
18728	0.0
32652	0.0
29171	52.719117135747986
8285	0.0
11766	0.0
19908	0.0
16427	0.0
12946	0.0
5984	493.726474398162
33832	0.0
23389	0.0
30351	0.0
2503	0.0
35661	0.0
11294	0.0
28699	0.0
7813	0.0
4332	510.4859743930186
21737	0.0
14775	0.0
25218	0.0
851	0.0
5807	0.0
30174	0.0
12769	0.0
16250	0.0
26693	0.0
33655	229.0
23212	292.8119134793429
2326	0.0
22740	0.0
19259	0.0
33183	0.0
26221	0.0
1854	0.0
15778	0.0
8816	0.0
12297	0.0
7400	0.0
10881	687.0
14362	0.0
35248	0.0
28286	0.0
3919	35.19245452867235
31767	0.0
21324	0.0
438	328.4757156136176
24805	76.4554399418488
14539	0.0
7577	0.0
35425	0.0
24982	0.0
4096	0.0
31944	0.0
615	0.0
11058	0.0
18020	0.0
21501	0.0
23507	0.0
33950	0.0
30469	0.0
13064	0.0
26988	0.0
2621	0.0
6102	229.0
20026	0.0
16545	255.22477127093714
33242	0.0
22799	0.0
8875	88.72654955527199
12356	757.7140747578403
15837	0.0
26280	0.0
19318	0.0
29761	0.0
1913	0.0
24687	0.0
28168	0.0
7282	17.97290750790689
31649	0.0
10763	0.0
17725	0.0
35130	0.0
3801	0.0
320	0.0
21206	0.0
27460	0.0
30941	0.0
34422	0.0
20498	0.0
10055	0.0
6574	0.0
17017	0.0
3093	0.0
23979	0.0
13536	0.0
16722	0.0
30646	0.0
27165	0.0
23684	0.0
9760	0.0
6279	741.8508636755633
2798	0.0
20203	0.0
34127	0.0
32888	0.0
22445	0.0
12002	0.0
5040	0.0
25926	229.0
18964	0.0
1559	0.0
8521	253.86815829501887
15483	0.0
4922	802.9502796153865
25808	0.0
8403	0.0
29289	0.0
18846	0.0
32770	0.0
15365	0.0
11884	0.0
1441	4492.939177579911
33537	0.0
30056	279.6372538424821
9170	1182.5569671799933
26575	0.0
5689	258.565397126163
16132	172.02992640960008
19613	0.0
23094	0.0
12651	229.0
8580	0.0
25985	0.0
5099	0.0
15542	57.13478772001244
19023	0.0
29466	0.0
1618	0.0
