18749	0.0
1344	0.0
8306	0.0
25711	458.0
4825	0.0
11787	0.0
29192	6.586613628817297
32673	0.0
15268	0.0
1049	229.0
18454	0.0
28897	0.0
21935	0.0
11492	0.0
32378	0.0
8011	0.0
14973	0.0
4530	0.0
10725	0.0
28130	0.0
282	681.9203679281266
17687	0.0
21168	0.0
7244	0.0
31611	0.0
24649	0.0
3763	3149.8107673907234
14206	0.0
35092	0.0
20755	0.0
3350	0.0
34679	0.0
24236	0.0
31198	0.0
17274	0.0
27717	0.0
10312	0.0
13793	0.0
6831	0.0
16094	0.0
2170	0.0
5651	2061.0
12613	0.0
26537	0.0
23056	0.0
33499	0.0
19575	143.57032824225956
30018	0.0
9132	0.0
31493	0.0
164	7838.292640682329
10607	4111.529274900531
21050	0.0
24531	0.0
17569	0.5887762707441608
28012	0.0
14088	0.0
7126	0.0
3645	0.0
1757	0.0
15681	0.0
22643	458.0
5238	0.0
19162	0.0
12200	0.0
33086	0.0
26124	0.0
8719	10.904761904761875
29605	0.0
8778	0.0
1816	22.697268766115958
29664	0.0
12259	190.89642155932978
15740	0.0
26183	0.0
19221	0.0
33145	51.249350200431806
5297	0.0
990	0.0
7952	0.0
25357	0.0
21876	0.0
35800	0.0
14914	926.0755399756441
32319	0.0
4471	1862.7903924878285
2347	580.5406934586189
23233	229.0
26714	0.0
9309	229.0
30195	0.0
16271	0.0
19752	0.0
12790	0.0
33676	0.0
5828	0.0
9545	0.0
33912	0.0
19988	0.0
6064	31.428940786308456
23469	0.0
30431	0.0
26950	0.0
13026	0.0
1698	0.0
29546	0.0
22584	0.0
15622	0.0
19103	0.0
12141	0.0
26065	0.0
8660	0.0
33027	0.0
5179	0.0
24413	0.0
34856	0.0
46	15553.484592517085
10489	0.0
17451	229.5887762707441
3527	937.4968716404949
31375	0.0
27894	0.0
13970	0.0
20932	0.0
16212	0.0
9250	1152.7405914286724
26655	0.0
5769	0.0
2288	0.0
23174	0.0
30136	0.0
19693	0.0
12731	687.0
33617	0.0
15563	0.0
26006	0.0
1639	5053.335901947818
5120	0.0
29487	0.0
8601	0.0
32968	4.760347921033752
12082	0.0
19044	0.0
26242	0.0
33204	0.0
19280	0.0
8837	0.0
29723	0.0
22761	0.0
12318	0.0
23646	0.0
2760	0.0
16684	0.0
9722	0.0
34089	0.0
20165	0.0
30608	0.0
6241	0.0
27127	0.0
9486	0.0
2524	0.0
30372	0.0
19929	1069.203697571228
23410	0.0
12967	0.0
26891	0.0
6005	58.823578767136
32732	0.0
4884	0.0
8365	0.0
1403	30418.31486392971
29251	0.0
25770	0.0
11846	50.11546952660921
15327	0.0
13675	0.0
24118	0.0
27599	0.0
3232	373.07387205443894
20637	0.0
10194	413.57304421321163
31080	0.0
17156	0.0
6713	0.0
34561	0.0
22112	0.0
11669	0.0
1226	0.0
29074	0.0
4707	0.0
8188	0.0
25593	0.0
15150	0.0
18631	0.0
32555	0.0
7539	0.0
577	0.0
35387	0.0
31906	0.0
28425	0.0
14501	0.0
21463	0.0
11020	0.0
4058	3.932911810417945
24944	0.0
4235	3759.7238481403174
25121	0.0
7716	0.0
21640	0.0
32083	0.0
18159	0.0
754	0.0
14678	0.0
11197	0.0
28602	0.0
23292	0.0
33735	0.0
2406	0.0
12849	0.0
16330	579.7994060853695
5887	0.0
19811	0.0
26773	224.52968942955206
30254	0.0
10135	94.83333111215595
34502	0.0
3173	0.0
17097	0.0
24059	0.0
27540	0.0
13616	1145.4803746546468
20578	0.0
6654	458.0
6890	0.0
20814	0.0
24295	0.0
34738	0.0
13852	0.0
3409	2382.1404695454876
31257	0.0
10371	0.0
27776	0.0
17333	0.0
9191	0.0
19634	0.0
26596	0.0
30077	10579.215673176406
2229	20630.658936542855
12672	0.0
23115	0.0
16153	0.0
33558	0.0
27422	465.95900877758726
30903	0.0
23941	0.0
10017	0.0
13498	2364.2564677650944
16979	0.5887762707441608
3055	0.0
34384	0.0
6536	0.0
20342	0.0
27304	0.0
9899	0.0
16861	0.0
30785	0.0
23823	231.18038853582013
34266	0.0
2937	19.581607450159865
6418	0.0
18985	0.0
29428	0.0
12023	791.6664415288956
22466	0.0
8542	0.0
25947	0.0
1580	2062.047712090727
5061	274.11899195043486
32909	0.0
15504	0.0
26301	0.0
15858	0.0
8896	0.0
19339	0.0
22820	0.0
12377	0.0
1934	0.0
29782	0.0
33263	0.0
5415	0.0
8483	0.0
25888	0.0
11964	0.0
32850	0.0
15445	0.0
1521	0.0
5002	1145.0
22407	0.0
18926	20.94685931537831
29369	0.0
10784	1035.5396185162222
7303	51.5154964851648
17746	0.0
35151	0.0
3822	1080.6559443831047
24708	0.0
341	27.50340923776818
31670	0.0
28189	0.0
21227	0.0
16920	0.0
30844	0.0
2996	275.91641836756264
9958	8.156425862270028
34325	0.0
27363	0.0
13439	0.0
20401	0.0
6477	9.772928071530266
23882	0.0
8247	360.79439335316596
25652	0.0
22171	0.0
15209	0.0
32614	0.0
11728	0.0
1285	6256.652254280282
29133	0.0
4766	0.0
13321	0.0
20283	0.0
27245	114.5
16802	1.5015621986836891
34207	0.0
23764	0.0
2878	0.0
30726	0.0
9840	13.318189809890214
30313	0.0
19870	0.0
16389	143.6148874917434
5946	0.0
23351	0.0
33794	0.0
12908	0.0
9427	0.0
5474	0.0
26360	0.0
22879	0.0
8955	0.0
33322	0.0
29841	28.04236824554774
1993	676.7344310270809
12436	761.5758920938273
15917	0.0
31139	0.0
17215	0.0
20696	0.0
10253	238.4698358161784
3291	0.0
6772	0.0
34620	0.0
27658	229.0
13734	839.6621411293578
24177	687.0
29900	0.0
12495	0.0
9014	0.0
26419	0.0
19457	0.0
2052	0.0
33381	0.0
5533	0.0
18867	0.0
15386	0.0
32791	0.0
8424	0.0
4943	0.0
1462	0.0
25829	0.0
29310	0.0
22348	0.0
25475	703.5813164534019
21994	0.0
28956	0.0
32437	0.0
15032	0.0
18513	0.0
11551	0.0
1108	0.0
8070	403.2214318886805
4589	27.61846079836716
25180	0.0
7775	0.0
18218	0.0
28661	0.0
4294	140.78172771832772
21699	0.0
14737	0.0
11256	0.0
813	0.0
35623	0.0
25534	0.0
8129	0.0
29015	0.0
32496	0.0
15091	0.15365520009639938
4648	0.0
11610	3.170681646121613
31316	0.0
13911	0.0
20873	0.0
34797	0.0
17392	0.0
10430	2041.7239092724228
27835	0.0
3468	612.7064016617888
6949	0.0
16743	0.0
13262	877.8333333333359
9781	178.09227638853545
27186	0.0
34148	0.0
20224	0.0
30667	0.0
6300	0.0
2819	913.9979926890625
18277	0.0
28720	0.0
11315	0.0
4353	112.37873397795795
32201	0.0
7834	804.9665680281541
21758	0.0
35682	0.0
14796	0.0
25239	0.0
24885	0.0
7480	0.0
17923	0.0
21404	0.0
10961	21.894135289247174
35328	0.0
28366	0.0
3999	0.0
31847	0.0
518	7.518498186004964
4117	229.0
18041	0.0
35446	0.0
31965	0.0
25003	0.0
14560	0.0
7598	0.0
636	4.463257225964467
21522	0.0
17805	0.0
10843	0.0
24767	0.0
3881	0.0
7362	0.0
21286	0.0
35210	0.0
14324	0.0
400	0.0
28248	0.0
17864	0.0
10902	0.0
24826	0.0
14383	358.72429181632526
7421	16.994494546214845
21345	0.0
35269	0.0
3940	580.9259286852861
459	31955.854434183708
28307	0.0
20991	0.0
14029	0.0
24472	271.59187994690285
10548	27.266456451424997
7067	1103.4409526679606
27953	0.0
17510	0.5887762707441608
34915	0.0
3586	0.0
105	0.0
31434	0.0
14619	0.0
35505	0.0
4176	883.7052702364517
21581	0.0
11138	0.0
7657	0.0
32024	0.0
25062	0.0
695	509.4239600938372
30549	0.0
23587	0.0
6182	0.0
13144	0.0
34030	0.0
20106	0.7834036007855352
9663	0.0
27068	0.0
2701	0.0
16625	0.0
27009	1145.0
16566	121.67414775611674
9604	0.0
30490	0.0
20047	0.0
33971	231.09188320340158
23528	732.7369749785128
13085	18.512587910134958
6123	252.57708803842308
2642	40.45620558716557
6595	0.0
30962	0.0
20519	0.0
34443	0.0
27481	6.777028743081452
10076	0.0
24000	0.0
3114	0.0
17038	0.641002842420964
21109	0.0
28071	0.0
3704	2232.498855799494
17628	0.0
10666	0.0
7185	0.0
223	0.0
31552	0.0
24590	1374.0
25298	0.0
28779	0.0
32260	0.0
14855	0.0
18336	3.765614463055994
4412	0.0
21817	0.0
7893	8.507418533213931
11374	0.0
35741	0.0
931	0.0
33440	0.0
26478	0.0
9073	0.0
29959	0.0
5592	8.95313631474131
19516	0.0
16035	0.0
2111	192.1495390585993
