700	34.800917291209124
4181	0.0
32029	0.0
35510	0.0
11143	108.46304805910404
25067	0.0
18105	0.0
28548	0.0
14624	0.0
21586	0.0
7662	0.0
1113	896.6962614163248
15037	0.0
8075	0.0
4594	0.0
11556	0.0
28961	0.0
32442	0.0
25480	0.0
20642	0.0
3237	9528.610838128252
24123	0.0
17161	0.0
10199	0.2785425101214575
27604	0.0
31085	0.0
13680	531.9043663910313
6718	0.0
9668	0.0
2706	246.74471322928034
30554	0.0
34035	0.0
27073	0.0
6187	0.0
23592	0.0
13149	0.0
20111	0.0
16630	0.0
8370	0.0
4889	0.0
1408	18758.147838943118
32737	0.0
15332	0.0
11851	687.0
29256	0.0
22294	0.0
25775	0.0
23887	0.0
3001	0.0
13444	0.0
9963	0.0
30849	0.0
34330	0.0
6482	0.0
27368	0.0
16925	0.0
11320	0.0
7839	0.0
14801	0.0
877	0.0
21763	0.0
4358	0.0
25244	0.0
28725	0.0
32206	0.0
35687	0.0
10435	0.0
34802	0.0
3473	6.278382847166016
27840	5.033693347396203
13916	0.0
20878	0.0
17397	0.0
24359	0.0
6954	0.0
31911	0.0
14506	2267.870506653056
582	246.18218395084378
28430	0.0
21468	0.0
35392	0.0
7544	0.0
4063	0.711163461071846
17987	0.0
24949	113.20931634944364
11025	0.0
11910	2.1580252401324076
1467	884.9159509449618
25834	0.7860455363122562
15391	0.0
22353	0.0
4948	0.0
32796	0.0
29315	0.0
18872	0.0
8429	71.91723545609825
8547	0.0
1585	0.0
25952	0.0
32914	0.3187479714378449
15509	0.0
5066	0.0
29433	0.0
12028	0.0
22471	0.0
18990	0.0
20996	0.0
110	0.0
17515	0.0
7072	0.0
10553	1071.7943778818458
3591	239.03112558318685
31439	0.0
24477	0.0
14034	9.811578210287557
27958	0.0
3886	103.75598005788143
21291	0.0
31734	0.0
10848	0.0
24772	0.0
17810	0.0
28253	705.0036228951927
35215	0.0
7367	0.0
34153	0.0
27191	0.0
13267	0.0
2824	9.42243683063589
6305	0.0
20229	0.0
16748	0.0
23710	0.0
9786	0.0
30672	0.0
28194	0.0
31675	0.0
24713	0.0
17751	0.0
14270	0.0
21232	0.0
346	358.4233569674931
10789	0.0
7308	0.0
35156	0.0
3827	0.0
22648	0.0
29610	0.0
1762	662.9188705682398
26129	0.0
5243	0.0
8724	397.2850673698568
15686	0.0
12205	0.0
28135	231.8149482335391
35097	0.0
3768	0.0
287	113.22273409134813
24654	0.0
21173	0.0
7249	0.0
17692	0.0
31616	0.0
10730	1.9959703564004458
22766	0.0
8842	0.0
29728	0.0
15804	0.0
1880	0.0
12323	0.0
33209	0.0
19285	0.0
26247	0.0
11733	0.0
25657	0.0
29138	0.0
1290	3454.3620322851266
22176	0.0
8252	0.0
32619	0.7242424242424242
4771	0.0
11969	0.0
29374	0.0
25893	0.0
22412	0.0
8488	0.0
1526	0.0
5007	461.76695920234516
15450	0.0
32855	0.0
818	506.8955791218449
28666	0.0
32147	0.0
21704	0.0
35628	0.0
25185	0.0
4299	0.0
14742	0.0
18223	0.0
11261	0.0
7780	2748.0
34212	0.0
16807	1362.370041404154
9845	0.0
2883	236.00217868224786
30731	0.0
20288	0.0
23769	0.0
27250	0.0
6364	0.0
23946	554.8223061286886
16984	0.0
30908	0.0
3060	4211.243058470606
13503	122.63797256935086
34389	0.0
10022	18.342639162345677
27427	0.0
6541	0.0
20465	0.0
18754	0.0
11792	0.0
32678	0.0
1349	0.0
22235	0.0
15273	0.0
4830	0.0
29197	0.0
8311	0.0
35038	0.0
10671	0.0
31557	0.0
7190	0.0
24595	0.0
228	450.1872017278729
17633	0.5887762707441608
28076	0.0
21114	0.0
3709	37.26306701426406
22825	0.0
19344	0.0
33268	0.0
1939	0.0
15863	0.0
5420	0.0
29787	0.0
12382	0.0
14978	0.0
4535	0.0
18459	0.0
21940	0.0
11497	308.4965364213335
32383	0.0
8016	0.0
28902	0.0
27663	0.0
24182	0.0
17220	0.0
10258	0.0
31144	0.0
3296	0.0
13739	0.0
34625	0.0
9491	137.03712337712696
26896	0.0
16453	229.1040404040404
12972	0.0
30377	0.0
6010	0.0
2529	0.0
23415	0.0
19934	0.0
4653	0.0
22058	0.0
15096	0.867817569968026
8134	0.0
1172	0.0
11615	0.0
18577	0.0
25539	0.0
29020	0.0
32501	687.0
30790	0.0
23828	0.0
16866	0.0
2942	377.8166895577689
20347	0.8196905469961837
27309	0.0
11674	17.448236979391844
15155	0.0
8193	0.0
32560	0.0
18636	0.0
1231	0.0
22117	0.0
4712	0.0
25598	0.0
9373	0.0
19816	0.0
16335	0.0
23297	0.0
12854	0.0
5892	0.0
2411	0.0
33740	0.0
16099	0.0
33504	0.0
26542	0.0
19580	0.0
2175	0.0
12618	0.0
5656	0.0
30023	0.0
9137	0.0
24418	0.0
20937	0.0
10494	229.0
17456	0.0
31380	0.0
13975	0.0
51	92.28119764325064
27899	0.0
3532	355.3059727065683
34861	0.0
7013	0.0
32324	0.0
11438	0.0
14919	0.0
35805	0.0
25362	0.0
7957	0.0
21881	0.0
5833	0.0
9314	0.0
26719	0.0
19757	0.0
16276	0.0
33681	0.0
2352	38106.86202924297
23238	0.0
30200	0.0
12795	0.0
22530	0.0
19049	229.0
15568	692.6006178167115
29492	0.0
5125	31.913878260053092
1644	23.50191398594781
32973	0.0
8606	0.0
26011	0.0
12087	0.0
22589	0.0
26070	0.0
15627	0.0
29551	0.0
33032	229.0
12146	0.15551537070524413
1703	0.0
5184	0.0
8665	0.0
19108	0.0
31203	0.0
10317	0.0
13798	7.986167283718753
20760	0.0
27722	0.0
24241	0.0
3355	1719.3432101892506
34684	0.0
17279	0.0
10612	0.0
17574	0.0
28017	916.0
3650	0.0
7131	12483.604666957262
21055	0.0
169	31571.396909662213
31498	0.6390248363721236
14093	0.0
24536	0.0
19462	0.0
12500	0.0
22943	0.0
29905	0.0
33386	0.0
5538	0.0
2057	229.0
9019	0.0
15981	0.0
26424	0.0
12441	0.0
29846	0.0
26365	0.0
8960	0.0
1998	0.0
15922	0.0
5479	0.0
33327	51.249350200431806
19403	0.0
22884	0.0
31793	0.0
17869	0.0
7426	0.0
3945	20.67503280736557
24831	0.0
464	0.0
10907	951.0625861000152
14388	0.0
28312	0.0
21350	0.0
33976	0.0
30495	0.0
16571	0.0
20052	0.0
6128	0.0
13090	1.724892226547282
2647	0.0
9609	0.0
24300	0.0
17338	432.88817237615444
20819	0.0
31262	0.0
34743	0.0
13857	0.0
10376	0.0
6895	1832.0
3414	739.172998056934
27781	0.0
28371	0.0
17928	0.0
31852	0.0
21409	0.0
14447	0.0
35333	0.0
4004	269.1060412148676
10966	0.0
7485	0.0
523	0.0
24890	0.0
24005	0.0
20524	0.0
10081	0.0
34448	0.0
30967	0.0
17043	0.5887762707441608
3119	355.23507318686205
13562	0.0
29964	0.0
9078	0.0
23002	0.0
19521	0.0
26483	0.0
33445	0.0
2116	0.0
19639	0.0
30082	0.0
12677	4.9072371466690585
16158	0.0
23120	229.0
33563	0.0
9196	0.0
2234	0.0
12264	0.0
26188	0.0
8783	0.0
33150	0.0
19226	0.0
22707	0.0
29669	0.0
1821	0.0
20170	0.0
9727	44.729939175792104
23651	687.0
30613	0.0
16689	0.0
27132	0.0
34094	0.0
6246	0.0
2765	2.8440044521001258
13621	0.0
20583	0.0
24064	0.0
31026	0.0
17102	0.0
6659	0.0
3178	320.63576888408085
34507	0.0
4122	0.0
25008	0.0
31970	0.0
14565	0.0
21527	0.0
18046	0.0
28489	0.0
35451	0.0
7603	0.0
641	0.0
33622	0.0
26660	0.0
19698	31.713276633423817
5774	0.0
23179	0.0
12736	0.0
30141	0.0
16217	0.027424328612915782
2293	0.0
9255	0.0
21645	0.0
28607	0.0
32088	0.0
4240	0.0
14683	0.0
11202	64.07205047079253
25126	0.0
18164	0.0
7721	551.3991256618995
759	0.0
33917	0.0
23474	0.0
16512	0.0
30436	0.0
19993	0.0
9550	8014.2321379871655
2588	0.0
26955	0.0
6069	1226.3119878492953
23356	0.0
30318	0.0
5951	0.0
9432	0.0
33799	0.0
12913	56.436511941374874
16394	0.0
2470	2.146332359602286
19875	0.0
14860	0.0
11379	0.0
32265	0.0
35746	0.0
7898	0.0
21822	0.0
25303	0.0
4417	0.0
28784	0.0
936	15463.770024515441
