2821	0.0
13264	0.0
16745	0.0
27188	0.0
20226	0.0
6302	330.1540877354003
34150	230.53273682539125
9783	0.0
30669	0.0
23707	0.0
13205	0.0
2762	224.93699300619807
23648	0.0
27129	0.0
30610	0.0
9724	0.0
34091	0.0
16686	0.0
20167	0.0
6243	0.0
7718	0.0
35566	0.0
756	0.0
21642	0.0
4237	0.0
11199	0.0
18161	0.0
25123	0.0
28604	0.0
14680	0.0
32970	687.0
8603	0.0
5122	0.0
1641	84.303379858276
15565	0.0
26008	0.0
22527	0.0
19046	0.0
12084	687.0
29489	13.264852726268524
2644	27496.369772912956
13087	15.361746257203698
23530	0.0
30492	0.0
16568	0.0
6125	0.0
33973	0.0
20049	0.0
27011	0.0
18043	0.0
638	12.151397796779362
25005	0.0
21524	0.0
14562	0.0
4119	0.0
11081	687.7656522856752
7600	0.0
31967	0.0
11907	0.0
29312	0.0
1464	5286.710936084662
32793	0.0
4945	0.0
8426	0.0
18869	0.0
25831	0.0
15388	458.04246214614875
22350	0.0
402	0.0
31731	0.0
28250	0.0
35212	458.0
10845	0.0
7364	0.0
21288	0.0
14326	0.0
3883	0.0
17807	0.0
461	49.981675514131496
10904	0.0
28309	0.0
21347	0.0
14385	0.0
3942	1.3105524819164356
7423	0.6451395145712343
17394	0.0
34799	0.0
20875	0.0
3470	0.7951999707427527
31318	0.0
6951	0.0
13913	389.92002476561277
10432	0.0
27837	0.0
24415	0.0
48	71608.76864602616
31377	0.0
27896	0.0
10491	0.0
3529	298.41561119440996
20934	0.0
34858	0.0
17453	0.0
7010	0.0
8721	0.0
22645	0.0
1759	0.0
19164	0.0
29607	1.1785856834956014
15683	0.0
26126	0.0
33088	0.0
12202	0.0
5240	0.0
1169	0.0
4650	0.0
11612	0.0
32498	0.0
8131	0.0
29017	0.0
25536	0.0
8249	0.0
25654	0.0
22173	0.0
1287	17027.17290859571
4768	523.0626100882713
32616	0.0
29135	0.0
11730	11.888693591108005
7246	0.0
284	0.0
28132	0.0
17689	0.0
24651	0.0
10727	0.0
3765	24682.3367019369
14208	0.0
31613	0.0
21170	0.0
32852	0.0
18928	0.0
22409	0.0
1523	13.408943593779725
25890	0.0
29371	0.0
8485	0.0
5004	0.0
15447	22.019988969571347
11966	0.0
22763	0.0
1877	0.0
12320	0.0
19282	0.0
8839	0.0
33206	0.0
26244	0.0
29725	0.0
15801	0.0
5358	0.0
27365	0.0
20403	0.0
2998	480.1080427004262
6479	0.0
16922	0.0
13441	2149.195065509195
34327	0.0
23884	0.32261372572168984
9960	0.0
30846	0.0
31849	0.0
17925	0.0
520	8649.204505064867
28368	0.0
7482	0.0
24887	0.0
21406	0.0
4001	0.0
35330	0.0
10963	0.0
14444	0.0
14916	0.0
35802	0.0
25359	0.0
32321	229.0
28840	0.0
992	0.0
7954	76.33333333333333
21878	0.0
4473	0.0
11435	2.263285456123206
18751	0.0
4827	0.0
29194	458.0
1346	0.8301958403823498
11789	0.0
22232	0.0
8308	0.0
25713	0.0
2113	887.3516134983165
12556	0.0
5594	0.0
19518	0.0
16037	0.0
22999	0.0
33442	0.0
26480	0.0
29961	0.0
14798	0.0
28722	0.0
874	6865.594009822372
7836	0.0
35684	0.0
4355	0.0
21760	0.0
11317	0.0
25241	0.0
20344	0.0
27306	0.0
2939	0.0
34268	0.0
13382	0.0
16863	0.0
23825	225.06099321039454
30787	1.0774725274725274
6420	0.0
9901	0.0
13028	0.0
30433	0.14194268264035706
19990	0.0
23471	0.0
16509	474.69068873132846
9547	426.47543153801286
26952	229.0
33914	0.0
6066	55.32042207683287
22468	0.0
29430	0.0
8544	0.0
5063	114.55836855670766
1582	4929.7450638931305
12025	261.9910139688492
15506	0.0
18987	0.0
25949	0.0
32911	0.0
7305	1912.864892180281
24710	0.0
343	0.0
3824	205.31318837466398
17748	0.0
28191	0.0
21229	0.0
31672	0.0
10786	170.64705078644823
10078	0.0
24002	0.0
3116	0.0
27483	0.0
20521	0.0
6597	0.0
17040	0.641002842420964
34445	0.0
13795	0.0
20757	0.0
27719	235.46534157373316
6833	99.28211419074842
3352	5.5885679645835005
34681	0.0
17276	0.0
10314	458.0
24238	0.0
31200	0.0
3706	0.5074634768682761
14149	0.0
28073	0.0
21111	0.0
31554	0.0
225	4691.566073393209
7187	10.904761904761875
17630	0.0
10668	385.64344644190646
16155	0.0
26598	0.0
2231	877.833333333336
9193	0.0
23117	0.0
19636	0.0
30079	0.0
12674	3439.7256752680205
33560	0.0
27247	0.0
30728	0.0
9842	0.0
34209	0.0
13323	0.0
6361	0.0
2880	883.6674311482469
16804	0.0
23766	0.30869218500797446
18102	0.0
4178	0.0
35507	0.0
14621	0.0
11140	0.0
32026	0.0
25064	0.0
697	558.3788620694559
21583	0.0
34563	0.0
31082	0.0
13677	0.0
17158	0.0
6715	0.0
3234	594.5869167612115
24120	0.0
30138	0.0
23176	0.0
12733	9.378292876368333
5771	2392.330664609079
19695	0.0
2290	0.0
16214	0.0
26657	0.0
9252	0.0
33619	0.0
10137	0.0
20580	0.0
27542	0.0
34504	0.0
31023	0.0
24061	0.0
13618	0.0
3175	571.404590411704
6656	0.0
35743	0.0
11376	0.0
7895	0.0
14857	1943.6005522581968
25300	0.0
18338	0.0
32262	0.0
21819	0.0
4414	0.0
28781	0.0
18456	0.0
11494	21127.44597020394
8013	229.0
21937	0.0
14975	0.0
4532	0.0
28899	0.0
1051	0.0
32380	0.0
25418	0.0
15329	0.0
8367	0.0
11848	983.8392171830878
32734	0.0
25772	0.0
29253	0.0
1405	3600.002253433627
18810	0.0
4886	0.0
5889	0.0
26775	0.0
30256	0.0
2408	0.0
33737	0.0
12851	0.0
16332	0.0
19813	0.0
9370	0.0
23294	0.0
31259	0.0
13854	7.792291322180414
20816	0.0
6892	0.0
34740	0.0
24297	0.0
27778	0.0
17335	0.0
3411	3674.0210309888794
10373	0.0
28663	0.0
21701	0.0
25182	0.0
35625	0.0
14739	6.5201504387506715
4296	14934.740320919538
815	743.9005078781676
32144	0.0
5535	0.0
26421	0.0
9016	0.0
22940	0.0
12497	0.0
33383	0.0
29902	0.0
19459	16.078175390925388
2054	2238.4769961356787
15978	687.0
18633	0.0
4709	0.0
29076	0.0
8190	0.0
11671	0.0
25595	0.0
1228	133.7538558671971
15152	2.5242372867298966
19931	0.0
33855	0.0
9488	0.0
26893	0.0
16450	0.20921985815602837
2526	0.0
30374	0.0
6007	0.0
7541	0.0
35389	0.0
14503	0.0
24946	0.0
579	4485.035987130817
17984	0.0
21465	0.0
28427	0.0
10019	0.0
6538	0.48846701902129125
34386	0.0
30905	0.0
3057	5.0967835634864915
20462	0.0
23943	0.0
13500	21125.58453034532
16273	0.0
19754	0.0
30197	0.0
12792	0.0
5830	0.0
23235	0.0
9311	3858.054497717534
2349	275.86466335261383
33678	0.0
3588	0.0
34917	0.0
31436	0.0
20993	0.0
17512	0.0
27955	0.0
107	2818.8245818146174
14031	0.0
10550	0.0
33501	0.0
5653	0.0
26539	0.0
30020	0.0
9134	0.0
19577	411.0692431552054
23058	0.0
16096	0.0
5181	0.0
8662	0.0
33029	0.0
29548	0.0
22586	0.0
26067	813.0470829381886
12143	0.0
1700	18.754553316498697
15624	0.0
19105	0.0
19400	0.0
8957	0.0
22881	0.0
15919	0.0
29843	0.0
12438	0.0
1995	210.8699607402344
26362	687.0
18515	0.0
25477	0.0
28958	0.0
8072	0.0
4591	0.0
11553	0.0
15034	31.68358830165467
21996	0.0
32439	0.0
10255	0.0
34622	0.0
17217	0.0
31141	0.0
13736	0.0
20698	0.0
27660	0.0
6774	0.0
24179	0.0
13146	470.8914390036964
27070	0.0
9665	0.0
23589	0.0
20108	0.0
16627	0.0
6184	5.502809796551063
2703	9359.727601584053
30551	0.0
34032	0.0
33147	0.0
15742	0.0
12261	3.940433783884329
5299	0.0
8780	0.0
19223	0.0
22704	0.0
26185	0.0
1818	7.297414613272579
33265	0.0
8898	0.0
22822	0.0
19341	0.0
15860	0.0
29784	0.0
12379	0.0
26303	0.0
1936	0.0
5417	0.0
26834	0.0
30315	0.0
19872	0.0
5948	1354.3085403248415
33796	0.0
9429	0.0
16391	0.0
12910	11.275984325161666
23353	0.0
7128	308.47657989104346
34976	0.0
31495	0.0
3647	0.0
21052	0.0
28014	0.0
14090	0.0
10609	0.0
17571	0.7077016872138824
166	336.6361546088035
24533	0.0
