593	0.0
4074	0.0
14517	0.0
31922	0.0
21479	0.0
24960	0.0
17998	0.0
35403	0.0
7555	243.36616049977755
11036	0.0
28441	0.0
2245	0.0
9207	0.0
19650	0.0
23131	0.0
33574	0.0
26612	0.0
16169	0.0
30093	0.0
12688	0.0
475	0.0
35285	0.0
24842	0.0
10918	0.0
21361	0.0
31804	0.0
28323	0.0
7437	0.0
11921	216.52209861060493
1478	0.0
22364	0.0
29326	0.0
32807	0.0
18883	0.0
25845	0.0
15402	0.0
4959	133.9198568728797
29503	0.0
1655	1407.9937534229366
26022	0.0
32984	0.0
19060	0.0
5136	0.0
12098	0.0
22541	0.0
15579	2977.0
24724	0.0
357	819.3321345085433
35167	0.0
3838	52.10217075707648
31686	0.0
17762	0.0
28205	0.0
10800	301.89543281480496
21243	0.0
7319	0.0
4192	0.0
711	0.0
25078	0.0
14635	0.0
28559	0.0
21597	0.0
11154	0.0
7673	0.0
35521	297.59196661045166
18116	0.0
32040	0.0
25550	0.0
1183	0.0
11626	252.99305013989226
32512	0.0
15107	0.0
29031	0.0
8145	0.0
4664	0.0
18588	0.0
9679	7.80289698286753
2717	0.0
16641	0.0
6198	916.3277574369195
20122	0.0
30565	0.0
23603	0.0
34046	0.0
13160	0.0
27084	0.0
62	12437.284139608992
17467	0.0
27910	0.0
20948	0.0
31391	0.0
3543	4.786720315199746
10505	423.0490417203967
34872	0.0
24429	0.0
7024	0.0
25432	0.0
18470	0.0
14989	0.0
1065	0.0
11508	51.22949239441935
8027	0.0
28913	0.0
4546	16670.420913622605
32394	0.0
21951	0.0
30270	0.0
33751	0.0
16346	0.0
23308	0.0
12865	0.0
2422	0.0
19827	0.0
5903	288.6105941160127
9384	0.0
17113	0.0
3189	54.72897683308626
6670	0.0
31037	0.0
10151	10.691824214861022
13632	0.0
20594	0.0
24075	0.0
27556	27.649511526911635
34518	0.0
2953	2.296566514964953
34282	0.0
6434	0.0
20358	3664.819690546995
16877	0.0
30801	0.0
27320	0.0
9915	0.0
13396	0.0
23839	0.0
25196	0.0
28677	0.0
4310	11.899420391411825
829	0.0
21715	0.0
11272	0.0
14753	0.0
18234	0.0
35639	0.0
652	1565.329353887581
7614	0.0
21538	0.0
4133	146.82821550871145
11095	5.034311660522346
35462	0.0
14576	557.3190162575836
25019	0.0
31981	0.0
13337	0.0
9856	0.0
20299	0.0
6375	0.0
2894	1269.9702061361606
34223	0.0
30742	0.0
16818	0.2655748897805185
27261	0.0
28736	0.0
4369	0.0
35698	0.0
888	0.0
7850	0.0
25255	0.0
14812	0.0
11331	10.842383457896661
18293	0.0
21774	0.0
32217	0.0
17349	200.53701314313767
24311	0.0
31273	0.0
3425	672.1969056617431
27792	229.0
13868	0.0
6906	0.0
34754	0.0
20830	0.0
10387	0.0
13573	4.256667070856149
3130	354.88656474861693
17054	0.0
6611	0.0
27497	0.0
24016	0.0
20535	0.0
34459	0.0
10092	0.0
30506	0.0
16582	0.0
23544	0.0
6139	0.0
2658	639.632857269946
13101	0.0
9620	0.0
20063	0.0
27025	0.0
33279	0.0
8912	0.0
1950	0.0
15874	0.0
29798	0.0
22836	0.0
19355	0.0
12393	0.0
26317	0.0
15933	0.0
8971	0.0
26376	0.0
2009	0.0
19414	0.0
12452	0.0
33338	0.0
22895	140.03607189568808
5490	0.0
29857	0.0
32925	0.0
12039	0.0
25963	0.0
1596	62.74522382117228
5077	0.0
19001	0.11538461538461539
34636	0.0
20712	0.0
31155	0.0
13750	0.0
3307	211.86720402383202
24193	0.0
17231	0.0
10269	0.0
6788	1210.5624401870257
22187	0.0
18706	11.065952684367447
25668	0.0
1301	25544.471203110465
8263	0.0
15225	0.0
11744	0.0
29149	0.0
32630	0.0
4782	3041.4279866097404
9325	0.0
12806	0.0
16287	0.0
26730	0.0
5844	0.0
30211	0.0
23249	0.0
19768	0.0
18942	0.0
32866	0.0
15461	0.0
25904	0.0
1537	2.794826222219071
8499	3.9199376555994903
11980	0.0
29385	0.0
5018	0.0
22423	0.0
14104	0.0
7142	23677.3797734985
28028	0.0
24547	0.0
34990	0.0
31509	0.0
180	0.0
21066	0.0
10623	136.38105624892063
17585	0.0
35344	0.0
21420	0.0
24901	0.0
17939	0.0
534	0.0
10977	0.0
28382	0.0
14458	0.0
4015	29987.159997361246
31863	0.0
34577	0.0
31096	0.0
3248	0.0
17172	0.0
20653	0.0
6729	0.0
24134	0.0
13691	0.0
10210	0.0
20417	0.0
9974	0.0
3012	67.148147860508
23898	0.0
34341	0.0
16936	0.0
13455	27.051882623264245
27379	0.0
33043	0.0
12157	0.0
19119	0.0
1714	0.0
15638	0.0
26081	2519.0
8676	0.0
29562	0.0
22600	0.0
5195	584.2791208767146
23662	0.0
34105	0.0
13219	0.0
6257	5.067489459341064
9738	0.0
16700	229.0
30624	0.0
27143	0.0
23721	0.0
16759	0.0
13278	3282.333333333342
9797	0.0
30683	9.914644909728818
34164	0.0
2835	0.0
6316	24.362124267398094
20240	0.0
11213	0.0
14694	0.0
4251	0.0
28618	0.0
25137	0.0
770	0.0
21656	0.0
35580	0.0
7732	755.6189661776201
18647	0.0
11685	0.0
22128	20.017882940196657
8204	0.0
29090	0.0
15166	0.0
4723	0.0
1242	578.1650502761537
32571	0.0
25609	0.0
21833	0.0
35757	0.0
18352	0.0
14871	0.0
11390	0.0
25314	0.0
32276	458.0
28795	62.44744882281665
7909	0.0
4428	357.51660779460593
12334	0.0
19296	0.0
29739	0.0
5372	0.0
26258	0.0
1891	0.0
33220	0.0
22777	0.0
15815	0.0
12747	0.0
19709	730.2923126587887
23190	0.0
9266	0.0
2304	0.0
33633	0.0
26671	0.0
30152	0.0
5785	0.0
27438	0.0
20476	0.0
34400	2.233402461073477
3071	1141.270734135117
10033	0.0
6552	572.5
16995	0.0
23957	211.36210637505604
13514	458.0
24783	0.0
28264	0.0
7378	0.0
35226	0.0
14340	0.0
416	0.0
10859	0.0
21302	0.0
3897	0.0
31745	0.0
17821	0.0
30329	0.22431245225362872
9443	0.0
12924	0.0
26848	0.0
19886	0.0
2481	0.0
33810	0.0
16405	0.0
5962	0.0
26199	0.0
15756	0.0
1832	0.0
19237	0.0
5313	0.0
33161	0.0
12275	0.0
8794	0.0
9030	0.0
15992	0.0
19473	0.0
22954	0.0
29916	0.0
26435	0.0
2068	6755.5
33397	0.0
12511	0.0
5549	0.0
29621	0.0
19178	0.0
8735	0.0
26140	0.0
12216	0.0
1773	1768.724850393848
22659	0.0
5254	0.0
15697	1.22739507301796
21184	0.0
7260	0.0
10741	4.593180485673679
17703	0.5887762707441608
24665	0.0
31627	0.0
3779	0.0
35108	0.0
28146	0.0
28087	0.0
31568	0.0
3720	0.0
21125	0.0
10682	3.928756048042566
24606	0.0
239	8729.179829222556
14163	0.0
7201	92.0806457680794
13042	0.0
20004	0.0
9561	0.0
33928	0.0
30447	0.0
23485	0.0
16523	56.694552811714715
26966	0.0
2599	0.0
6080	0.0
16464	0.0
6021	0.0
9502	0.0
33869	0.0
12983	0.0
23426	0.0
30388	0.0
26907	0.0
19945	0.0
2540	0.0
6847	0.0
31214	0.0
24252	0.0
20771	0.0
13809	162.8355114805942
3366	3584.8890479491315
34695	0.0
27733	0.0
17290	0.0
20889	0.0
6965	0.0
17408	0.5887762707441608
31332	0.0
13927	81.1373351719541
27851	0.0
10446	0.0
3484	374.0852497051797
3	0.0
34813	0.0
26494	0.0
9089	229.0
16051	38.80490896810857
12570	0.0
23013	0.0
29975	0.0
19532	0.0
2127	0.0
5608	0.0
4605	0.0
8086	1412.4499776199582
18529	0.0
25491	0.0
15048	0.0
1124	0.0
28972	0.0
32453	0.0
11567	0.0
25373	0.0
35816	0.0
28854	0.0
4487	31551.007862825605
21892	0.0
7968	0.0
14930	687.0
1006	0.0
32335	0.0
11449	34.62897346850364
8381	0.0
29267	19.22064791187869
15343	0.0
18824	0.0
22305	0.0
25786	0.0
32748	0.0
11862	229.0
1419	348309.86968963285
4900	0.0
27969	0.0
17526	0.0
3602	0.0
7083	1774.2549611400839
14045	0.0
21007	0.0
34931	0.0
10564	259.5301146139567
24488	0.0
121	1312.8853570047522
31450	0.0
30034	0.0
12629	0.0
5667	458.0
19591	0.0
9148	85.1734655450496
2186	0.0
16110	229.0
26553	0.0
8322	0.0
4841	0.0
22246	0.0
32689	0.0
11803	0.0
15284	0.0
18765	0.0
1360	481.7031497155371
