20130	687.0
2725	723.5040151159961
13168	0.0
23611	0.0
6206	0.0
34054	0.0
9687	0.0
16649	0.0
27092	0.0
660	0.0
18065	0.0
31989	0.0
35470	0.0
4141	0.0
11103	0.0
14584	0.0
28508	0.0
21546	0.0
7622	0.0
25027	0.0
6501	207.9422713479795
3020	0.0
9982	0.0
27387	0.0
16944	0.11051693404634581
34349	0.0
23906	0.0
13463	0.0
30868	0.0
20425	0.0
129	0.0
17534	0.0
3610	215.92503169891873
10572	0.0
31458	0.0
14053	0.0
27977	0.0
24496	0.0
21015	0.0
7091	1992.3940201923383
837	0.0
7799	0.0
35647	0.0
28685	0.0
25204	0.0
11280	0.0
18242	0.0
4318	0.0
21723	0.0
32166	0.0
7209	0.0
247	0.0
14171	0.0
10690	0.49874141876430206
31576	0.0
24614	0.0
28095	0.0
21133	0.0
17652	0.0
3728	0.0
1604	253.1074264344525
22490	0.0
32933	0.0
5085	0.0
12047	0.0
15528	0.0
8566	748.2111019122835
25971	0.0
29452	0.0
19009	0.0
29511	0.0
1663	383.4822917793491
5144	0.0
22549	0.0
26030	0.0
8625	0.0
15587	0.0
32992	0.0
12106	0.0
19068	0.9296814296814297
32815	0.0
22372	0.0
18891	0.0
1486	300.2054742540869
29334	0.0
4967	0.0
11929	0.0
15410	0.0
25853	0.0
8448	0.0
26620	0.0
2253	1841.0412391921238
5734	0.0
9215	0.0
16177	0.0
33582	0.0
12696	8122.343209843851
23139	0.0
19658	229.0
30101	9.345748283658454
27446	0.0
3079	0.0
34408	0.0
13522	0.0
17003	0.0
10041	0.0
23965	0.0
30927	0.0
11634	0.0
32520	0.0
1191	4442.1706148836665
18596	0.0
22077	0.0
29039	0.0
25558	0.0
15115	0.0
8153	472.9830689928476
4672	0.0
2017	0.0
12460	0.0
8979	0.0
15941	0.0
26384	0.5370370370370371
29865	0.0
5498	0.0
22903	0.0
955	0.0
28803	0.0
25322	0.0
11398	0.0
21841	0.0
14879	0.0
18360	0.0
32284	0.0
4436	971.2060333733358
7917	0.0
16413	0.0
2489	0.0
30337	0.0
5970	0.0
33818	0.0
19894	19.53724310194449
20720	0.0
17239	1374.5887762707446
3315	0.0
13758	0.0
27682	0.0
24201	0.0
34644	0.0
10277	0.0
6796	2102.9019528872986
31163	0.0
10159	0.0
27564	0.0
34526	0.0
13640	109.6101308053169
24083	0.0
6678	229.0
17121	0.0
31045	0.0
1309	3728.109132642515
32638	0.0
15233	0.0
11752	0.0
8271	0.0
25676	0.0
29157	0.0
22195	0.0
18714	0.0
13227	0.0
9746	687.6833530461356
6265	4.415815407086031
20189	0.0
16708	0.6975319762205008
2784	284.33355416152773
23670	0.0
30632	0.0
34113	0.0
27151	0.0
30514	0.0
6147	0.0
13109	0.0
2666	0.0
23552	0.0
20071	0.0
33995	0.0
16590	229.0
16000	167.66020104018153
19481	0.017241379310344827
9038	0.0
2076	0.0
33405	0.0
5557	0.0
12519	0.0
29924	0.0
22962	0.0
26443	0.0
31399	0.0
13994	0.0
70	0.0
20956	0.0
17475	0.0
24437	0.0
27918	0.0
7032	0.0
3551	0.0
27269	0.0
34231	0.0
13345	2.0948024852695046
2902	0.0
16826	0.0
30750	0.0
20307	0.0
6383	0.0
35293	0.0
17888	0.0
3964	559.3256714088005
24850	0.0
31812	0.0
483	229.0
7445	0.0
28331	0.0
10926	0.0
21369	0.0
14407	0.0
8330	0.0
25735	0.0
22254	0.0
18773	0.0
29216	0.0
32697	1149.1692486967781
1368	0.0
15292	30.230062205105785
4849	0.0
20779	0.0
31222	0.0
34703	0.0
3374	0.0
10336	0.0
13817	0.0
17298	0.0
24260	0.0
6855	0.0
27741	0.0
7681	0.0
4200	273.28295393493266
14643	0.0
25086	0.0
719	1720.8410861046148
11162	0.0
18124	0.0
32048	0.0
28567	0.0
21605	0.0
35529	0.0
3846	6.930250023514815
35175	0.0
17770	0.0
28213	0.0
10808	0.6359074242802137
21251	0.0
365	0.0
7327	81.40699932548014
31694	0.0
14289	0.0
15469	0.0
25912	0.0
29393	0.0
18950	0.7191452964513481
11988	0.0
1545	9761.537182833428
5026	0.0
33700	0.0
12814	0.0
5852	0.0
19776	0.9671605810216461
30219	0.0
2371	0.0
16295	0.0
9333	283.9174882334892
23257	0.0
26738	0.0
19599	0.0
26561	0.0
30042	0.0
9156	0.0
12637	0.0
16118	0.0
2194	0.0
5675	0.0
23080	0.0
4259	51.49827358141995
21664	0.0
32107	0.0
11221	0.0
25145	0.0
778	309.4109977894237
28626	0.0
14702	0.0
7740	0.0
35588	0.0
14820	0.0
4377	0.0
21782	0.0
35706	0.0
7858	0.0
18301	2.451281791437267
896	112.62693976472491
28744	0.0
14466	0.0
31871	0.0
10985	0.0
24909	0.0
542	0.0
21428	0.0
35352	0.0
28390	0.0
7504	0.0
17947	690.0029869008554
25440	0.0
8035	0.0
18478	0.0
21959	572.5
11516	0.0
1073	4189.4604654808745
32402	0.0
14997	0.0
4554	0.0
28921	0.1800283367604959
23198	0.0
30160	0.0
19717	0.0
33641	0.0
9274	0.0
2312	121.27514007595165
12755	0.0
16236	0.0
26679	0.0
33051	0.0
22608	0.0
5203	0.0
29570	0.0
1722	0.0
12165	0.0
15646	0.0
8684	0.0
26089	0.0
31753	0.0
35234	0.0
28272	0.0
10867	1022.808953254775
424	0.0
3905	0.0
21310	0.0
22844	0.0
5439	0.0
29806	979.1557478296721
8920	0.0
1958	0.0
15882	0.0
33287	0.0
12401	142.35199002448593
26325	0.0
19363	0.0
24024	0.0
10100	259.4781519871139
20543	0.0
17062	0.0
3138	0.0
30986	0.0
34467	0.0
6619	0.0
27505	0.0
13581	0.0
18655	0.0
8212	0.0
4731	0.0
29098	0.0
32579	0.0
11693	0.0
1250	0.0
25617	0.0
24555	0.0
21074	0.0
3669	1.8078751806556708
17593	0.0
28036	0.0
7150	0.0
10631	0.0
188	41.930275110641205
14112	0.0
22313	0.0
25794	0.33498398368027005
15351	0.0
32756	0.0
8389	0.0
1427	37721.29993421353
18832	0.0
4908	0.0
29275	0.0
11870	0.0
12224	0.0
8743	0.0
5262	0.0
26148	0.0
22667	0.0
19186	0.0
1781	0.0
33110	0.0
18006	0.0
11044	0.0
24968	0.0
4082	0.0
14525	0.0
21487	0.0
7563	0.0
601	2252.7644889331073
28449	0.0
35411	0.0
13876	0.0
10395	0.0
20838	0.0
34762	0.0
31281	0.0
27800	0.0
6914	0.0
24319	0.0
17357	0.0
3433	0.0
9923	0.0
6442	351.3335303235815
27328	0.0
20366	0.0
34290	0.0
30809	0.0
2961	0.0
23847	0.0
16885	0.0
9510	0.0
6029	0.0
26915	0.0
33877	0.0
23434	3.0359477953381724
12991	0.0
30396	0.0
16472	0.0
2548	0.0
19953	0.0
34172	0.0
6324	0.0
20248	0.0
16767	0.0
9805	0.0
30691	0.0
13286	0.0
2843	1918.388292422039
23729	1.0876613161660131
28980	0.0
8094	0.0
15056	489.97455991651907
25499	0.0
32461	0.0
11575	2257.8518555189053
4613	1470.1383487042328
22018	0.0
1132	0.0
25381	0.0
14938	0.0
21900	0.0
11457	0.0
1014	0.0
32343	0.0
4495	0.0
28862	0.0
7976	0.0
29688	0.0
12283	0.0
8802	0.0
33169	0.0
5321	0.0
22726	0.0
1840	0.0
26207	0.0
19245	0.0
15764	8254.949274827764
17711	0.0
10749	0.0
3787	0.0
14230	0.0
28154	0.0
7268	0.0
35116	0.0
31635	0.0
306	0.0
21192	0.0
33464	0.0
12578	0.0
29983	0.0
26502	0.0
19540	0.0
16059	0.0
2135	345.73243320616285
23021	0.0
9097	1471.0061633303887
13050	0.0
16531	0.0
6088	0.0
26974	0.0
23493	0.0
30455	0.0
33936	0.0
20012	0.0
9569	82.82392173504311
31104	0.0
27623	0.0
34585	0.0
6737	0.0
20661	0.0
17180	0.0
3256	26.992704109371555
26797	0.0
9392	0.0
5911	0.0
23316	0.0
12873	0.0
16354	0.0
2430	4534.934911649599
19835	2.1954653581058077
33759	0.0
30278	0.0
26266	0.0
29747	0.0
22785	11.062674280861378
8861	0.0
12342	0.0
15823	0.0
1899	356.6344148519771
33228	0.0
24378	0.0
13935	0.0
20897	0.0
17416	0.0
27859	0.0
3492	132.9167168765538
31340	0.0
34821	0.0
11	540.359727507284
