20195	0.0
23676	0.0
2790	798.4488480440208
30638	0.0
27157	0.0
6271	0.0
9752	0.0
16714	0.0
34119	0.0
13233	0.0
3380	0.0
31228	0.0
24266	0.0
20785	0.0
34709	0.0
27747	0.0
10342	0.0
6861	0.0
17304	253.7374948255257
13823	0.0
2436	0.0
23322	0.0
12879	0.0
5917	0.0
26803	0.0
16360	0.0
19841	0.0
9398	0.0
33765	0.0
30284	0.0
26095	0.0
1728	0.0
15652	0.0
12171	0.0
8690	0.0
29576	0.0
33057	0.0
22614	0.0
5209	0.0
14236	0.0
24679	0.0
312	0.0
28160	0.0
17717	0.0
3793	0.0
10755	0.0
21198	0.0
7274	0.0
14708	0.0
4265	0.0
25151	0.0
784	0.0
7746	0.0
35594	0.0
28632	687.0
21670	0.0
11227	0.0
18189	1.7916788977740523
32113	0.0
430	0.0
3911	2601.061222473706
28278	0.0
17835	0.0
35240	0.0
31759	0.0
14354	0.0
21316	0.0
7392	0.0
24797	0.0
10873	1.935897435897436
13587	21122.999999999996
3144	0.25815142153306037
27511	0.0
6625	0.0
17068	0.0
10106	1.3565250868255003
34473	0.0
24030	0.0
30992	0.0
1610	385.9936912523048
32939	0.0
15534	0.0
5091	1311.5170486371246
8572	0.0
19015	0.0
12053	0.0
25977	0.0
24856	0.0
489	24741.81798212263
35299	0.0
3970	10.141508666601183
14413	0.0
7451	2460.576260004563
21375	0.0
31818	0.0
28337	0.0
10932	0.0
17894	0.0
21906	0.0
25387	61.52057672213795
1020	642.2232956612877
28868	0.16173461519276103
14944	756.2462398209215
4501	0.0
32349	0.0
7982	0.0
11463	0.0
2259	0.0
30107	0.0
19664	64.53992142271431
12702	0.0
16183	0.0
23145	0.0
26626	0.0
9221	0.0
6153	0.0
23558	0.0
20077	0.0
2672	0.0
9634	49.06173725840908
30520	0.0
16596	0.0
13115	0.0
27039	0.0
34001	0.0
17127	0.0
6684	1585.9645677088488
20608	0.0
24089	0.0
3203	0.0
27570	0.0
34532	0.0
13646	0.0
10165	21.759336605386483
21434	0.0
17953	0.0
28396	0.0
548	56.187520589426704
14472	229.0
7510	0.0
4029	0.0
10991	0.0
31877	0.0
24915	0.0
20844	0.0
13882	0.0
6920	0.0
24325	0.0
27806	0.0
31287	0.0
3439	0.0
10401	0.0
17363	0.0
23912	0.0
6507	0.0
27393	0.0
20431	0.8196905469961837
3026	0.0
34355	0.0
9988	0.0
13469	0.0
30874	0.0
22319	0.7255820795197383
8395	0.0
25800	0.0
1433	0.0
32762	0.0
29281	0.0
15357	0.0
18838	0.0
11876	0.0
21139	0.0
10696	0.0
7215	0.0
28101	0.0
253	116.27088747135758
17658	0.0
31582	0.0
35063	0.0
3734	631.4558621271171
20313	0.0
6389	1756.8401580698296
23794	0.0
9870	0.0
34237	0.0
27275	0.0
2908	2.651858613362978
16832	0.0
13351	0.0
4855	4.1714895962678655
32703	0.0
29222	0.0
22260	0.0
25741	0.0
1374	1064.2849346243563
18779	0.0
11817	0.0
15298	268.27262011065613
9575	0.0
20018	0.0
30461	0.0
13056	0.0
2613	0.0
33942	0.0
16537	0.0
23499	0.0
6094	0.0
26980	0.0
7333	1455.3588049417951
28219	0.0
371	0.0
21257	0.0
3852	0.0
17776	0.0
31700	0.0
35181	0.0
14295	0.0
19428	0.0
29871	0.0
26390	0.0
22909	0.0
2023	0.0
15947	2501.1443223301435
8985	2519.0
12466	0.0
33352	0.0
5504	0.0
26449	0.0
29930	0.0
19487	0.0
16006	0.0
22968	0.0
33411	0.0
5563	0.0
2082	41596.252117828546
9044	0.0
35417	0.0
7569	1673.0968311563815
4088	0.0
14531	0.0
21493	0.0
607	0.0
24974	0.0
31936	0.0
11050	0.0
25033	0.0
14590	0.0
31995	0.0
666	21181.559141285103
21552	0.0
4147	0.0
7628	0.0
11109	0.0
35476	0.0
28514	0.0
20903	0.0
3498	186.48504297382027
27865	0.0
13941	1028.5235312435705
31346	0.0
17422	0.0
6979	0.0
17	0.0
24384	0.0
34827	0.0
30048	0.0
5681	916.0
26567	0.0
16124	0.0
33529	0.0
19605	0.0
23086	0.0
12643	0.0
9162	229.0
30402	0.0
23440	0.0
19959	0.0
33883	0.0
9516	0.0
16478	0.0
6035	0.0
2554	0.0
12997	0.0
19192	0.0
5268	0.0
26154	0.0
12230	341.00248514849864
29635	0.0
1787	0.0
8749	4.284305577980219
15711	0.0
12584	0.0
29989	0.0
23027	0.0
9103	0.0
19546	0.0
5622	0.0
2141	0.0
26508	0.0
33470	0.0
16065	458.0078125
25328	0.0
7923	0.0
11404	0.0
21847	0.0
4442	0.0
35771	0.0
14885	0.0
18366	0.0
961	0.0
32290	0.0
24148	0.0
27629	0.0
34591	0.0
20667	0.0
6743	0.0
10224	0.0
13705	0.0
17186	229.0
3262	0.0
22555	0.0
5150	69.2994129084579
26036	0.0
19074	0.0
32998	0.0
29517	0.0
12112	0.0
15593	0.0
8631	0.0
18661	0.0
25623	0.0
8218	0.0
11699	0.0
15180	0.0
29104	0.0
4737	0.0
1256	3755.840204346286
32585	0.0
29045	0.0
18602	0.0
8159	0.0
1197	172489.01948959398
11640	0.0
25564	0.0
4678	0.0
32526	0.0
18484	0.0
15003	0.0
25446	3014.164397577321
28927	0.0
4560	930.8500394268016
32408	0.0
8041	0.0
11522	0.0
21965	0.0
10578	5.02145579604634
34945	0.0
27983	140.84560524680919
24502	0.0
14059	0.0
21021	0.0
135	0.0
7097	0.0
31464	0.0
3616	0.0
35535	0.0
7687	0.0
28573	0.0
18130	0.0
11168	0.0
14649	135.59179070569934
4206	747.8733196817024
725	0.16666666666666666
32054	0.0
25092	0.0
21611	0.0
15239	0.0
11758	0.0
29163	0.0
8277	0.0
25682	0.0
22201	0.0
32644	4.208868344461565
1315	19656.639297760226
4796	687.0
5386	0.0
22791	0.0
26272	0.0
12348	306.3227637488813
8867	0.0
33234	0.0
1905	0.9568029998180703
18248	0.0
32172	0.0
28691	0.0
25210	0.0
4324	1374.2217828212717
35653	121.88894809548654
843	63.40801521144343
11286	0.0
14767	1464.0962892689984
21729	0.0
23617	726.1375052227211
34060	0.0
13174	0.0
20136	0.0
30579	0.0
6212	0.0
27098	0.0
9693	0.7460057147977621
2731	6355.256118847253
16655	0.0
30815	0.0
23853	1119.1987798576415
9929	0.0
27334	0.0
34296	0.0
13410	0.0
16891	0.0
2967	0.0
6448	1331.9866270432415
20372	0.0
13528	0.0
30933	0.0
34414	0.0
6566	0.0
23971	0.0
27452	0.0
10047	0.13259860377043714
3085	0.0
20490	0.0
17009	70.94208513053113
15062	0.0
22024	0.0
25505	0.0
11581	0.0
28986	0.0
18543	164.59856805425594
4619	13.630233916850694
32467	0.0
8100	0.0
1138	342.95215283836956
5799	0.0
26685	0.0
23204	0.0
9280	0.0
12761	0.0
33647	0.0
19723	0.0
16242	0.0
20726	0.0
31169	0.0
13764	0.0
24207	0.0
10283	8.461727095256915
27688	0.0
6802	0.0
17245	0.0
3321	0.0
27924	0.0
14000	228.0
34886	0.0
31405	0.0
24443	0.0
20962	0.0
17481	0.0
3557	0.0
76	652.2935718078771
7156	4023.7714369765995
21080	0.0
14118	0.0
10637	0.0
31523	0.0
17599	2.8403864876370934
3675	0.0
28042	0.0
24561	0.0
194	634.2369089577877
19369	0.0
33293	0.0
12407	0.0
29812	0.0
22850	0.0
8926	0.0
1964	0.0
15888	0.0
26331	0.0
30697	0.0
13292	0.0
20254	0.0
23735	0.0
16773	0.0
34178	0.0
6330	0.0
9811	379.04784508929384
2849	554.373065587784
23263	0.0
19782	0.0
5858	0.0
30225	0.0
12820	0.0
16301	114.5
9339	0.0
26744	687.0
33706	0.0
2377	0.0
26862	0.0
23381	0.0
33824	0.0
5976	1.4528145748342915
9457	0.0
30343	0.0
16419	0.0
2495	700.8785478692315
12938	12114.112511607771
19900	0.0
29694	0.0
33175	0.0
15770	0.0
5327	15.239747883934543
8808	0.0
22732	0.0
26213	0.0
12289	0.0
1846	0.0
19251	0.0
22378	0.0
11935	310.0315386244374
25859	0.0
8454	0.0
4973	0.0
29340	0.0
18897	0.0
1492	2.8687226965068056
15416	0.0
32880	0.0
29399	0.0
5032	0.0
11994	704.6244099265698
18956	0.0
22437	0.0
25918	0.0
8513	0.0
21788	0.0
18307	1202.982319366226
14826	0.0
35712	0.0
4383	0.0
25269	0.0
902	0.0
28750	0.0
7864	0.0
