31824	0.0
495	21.00321862189701
3976	376.628819197219
17900	0.0
21381	0.0
24862	229.0
35305	0.0
10938	0.0
14419	0.0
7457	0.0
34125	0.0
13239	0.0
2796	0.0
6277	5.359710522324213
16720	0.0
30644	0.0
27163	0.0
9758	0.0
20201	3.831367091977168
30467	0.0
2619	0.0
33948	0.0
20024	0.0
16543	1199.5077634605118
6100	0.0
13062	0.0
9581	0.0
23505	0.0
9640	0.0
2678	389.90115633510055
23564	0.0
13121	0.0
6159	345.7578191755655
30526	10587.853712695989
20083	0.0
16602	0.0
34007	0.0
16779	26.655080381743495
2855	0.7230913808438243
30703	0.0
34184	0.0
23741	0.0
6336	2250.532188215313
9817	0.0
20260	0.0
13298	0.0
34538	0.0
6690	235.59501009773754
3209	3.6781901601646183
17133	0.0
10171	413.3980906357773
27576	0.0
24095	0.1681792717086835
18962	0.0
8519	0.0
15481	5.161953739510368
1557	145893.8529196315
22443	0.0
29405	0.0
5038	0.0
32886	0.0
12000	0.0
25924	0.0
10820	229.0
3858	234.75169500730152
31706	0.0
377	0.0
35187	0.0
28225	0.0
24744	0.0
14301	0.0
21263	0.0
17782	34.42186982184358
4094	0.0
18018	0.0
613	4.487579697972407
11056	0.0
21499	0.0
31942	0.0
24980	0.0
7575	0.0
35423	0.0
28461	0.0
14537	107.83410603597653
1262	0.0
4743	0.0
25629	0.0
22148	0.0
15186	0.0
11705	0.0
18667	0.0
8224	0.0
4330	916.0
21735	0.0
14773	0.0
28697	0.0
11292	0.0
7811	0.0
849	0.08771929824561403
35659	0.0
25216	458.0
2324	0.0
5805	0.0
26691	0.0
16248	0.0
9286	0.0
30172	9.784921025138294
23210	0.0
19729	0.0
33653	0.0
12767	0.0
19139	0.0
8696	0.0
22620	0.0
33063	0.0
5215	0.0
29582	0.0
26101	0.0
15658	0.0
12177	229.0
7634	457.05555555555554
32001	0.0
672	0.0
4153	0.0
25039	0.0
35482	0.0
18077	0.0
14596	0.0
11115	0.0
21558	0.0
17723	0.0
28166	0.0
318	0.0
31647	0.0
7280	0.0
35128	0.0
10761	0.0
24685	0.0
21204	0.0
3799	0.0
25393	0.0
4507	0.0
21912	0.0
28874	0.0
1026	292.9022010501121
14950	0.0
7988	0.0
32355	0.0
11469	0.0
11528	0.0
4566	0.0
1085	1474.0256579271522
28933	0.0
8047	0.0
18490	0.0
32414	0.0
15009	0.0
25452	1413.168935756011
25983	0.0
19021	0.0
8578	0.0
5097	0.0
1616	103.28273119258536
29464	0.0
12059	0.0
32945	0.0
18195	0.0
7752	0.0
14714	0.0
11233	0.0
28638	0.0
790	0.0
25157	0.0
32119	0.0
21676	0.0
4271	0.0
7162	0.0
200	10751.58597257454
17605	0.0
21086	0.0
31529	0.0
28048	0.0
14124	0.0
10643	0.0
3681	0.0
31175	0.0
6808	0.0
24213	0.0
3327	0.0
34656	15.079752011048672
27694	0.0
20732	0.0
13770	23.460255463065234
10289	133.87182589416378
17251	0.0
24921	0.0
14478	0.0
554	0.0
35364	267.166666666666
4035	10243.53597160056
7516	0.2621872477804681
10997	0.0
17959	0.0
31883	0.0
21440	0.0
21145	0.0
17664	0.0
28107	0.0
259	0.0
3740	0.0
7221	171.5657857961582
31588	0.0
8460	0.0
29346	0.0
18903	0.0
11941	0.0
25865	0.0
1498	0.0
15422	0.0
32827	0.0
22384	0.0
6749	0.0
17192	0.0
24154	0.0
3268	0.0
20673	0.0
10230	251.02286277980951
34597	0.0
31116	0.0
27635	0.0
11410	0.0
967	69.33616980875786
14891	2.883512011836879
35777	0.0
4448	160.98200313515892
7929	376.3742018062068
28815	0.1800283367604959
32296	0.0
25334	0.0
21853	0.0
19611	0.0
16130	337.0696339203218
23092	0.0
5687	0.0
26573	0.0
9168	0.0
2206	0.0
33535	0.0
30054	0.187556971239909
8283	0.0
22207	460.75488251759606
25688	0.0
11764	0.0
29169	0.0
1321	0.0
15245	242.26637859917557
18726	0.0
32650	229.0
4802	21.42056715788378
13888	114.5
17369	0.0
34774	0.0
3445	0.0
31293	1632.7889838329684
10407	0.0
27812	0.0
20850	0.0
33004	0.0
15599	0.0
26042	0.0
12118	0.0
1675	491.8393595514862
19080	0.0
5156	0.0
22561	0.0
29523	0.0
8637	0.0
28579	0.0
14655	0.0
21617	0.0
25098	0.0
7693	0.0
4212	146.45237570312594
731	1313.4069081713276
11174	0.0
35541	0.0
32060	0.0
24449	0.0
27930	0.0
34892	0.0
7044	0.0
17487	0.0
3563	0.0
82	581.6300424912794
10525	1271.8627463950245
31411	2290.0
20968	0.0
9876	793.0510692567334
34243	0.0
2914	0.0
23800	0.0
16838	0.0
6395	2303.827157925428
20319	0.0
30762	0.0
10466	0.0
31352	0.0
17428	0.0
13947	34.621851444516956
23	5.519942171390532
34833	0.0
3504	1341.2279828627456
6985	0.0
27871	0.0
24390	0.0
20909	0.0
8873	0.0
29759	0.0
5392	0.0
12354	0.0
33240	0.0
26278	3.4566160315681045
1911	0.0
15835	0.0
19316	0.0
22797	0.0
23269	94.09334878827038
26750	0.0
9345	0.0
19788	0.0
5864	120568.20095297317
2383	0.0
30231	0.0
12826	0.0
16307	0.0
24272	0.0
10348	0.0
31234	0.0
17310	8.803325339177105
3386	0.0
27753	1259.5
13829	0.0
34715	0.0
6867	4012.7272930514587
20791	0.0
6572	0.0
30939	0.0
17015	0.0
27458	0.0
10053	0.0
13534	0.0
23977	0.0
34420	0.0
6513	0.0
27399	0.0
23918	0.0
9994	0.0
16956	960.6711515585678
20437	0.0
34361	0.0
3032	200.17952506045162
12944	0.0
19906	458.8821242689154
23387	0.0
26868	2.7581992830185977
30349	0.0
2501	15.543273370363073
5982	0.0
16425	24.053312854961277
9463	0.0
29700	0.0
22738	0.0
15776	0.0
26219	0.0
1852	16.621959100487384
12295	229.52077123052732
8814	0.0
19257	0.0
33181	0.0
29051	0.0
25570	0.0
18608	0.0
8165	0.0
11646	0.0
4684	0.0
15127	0.0
22089	0.0
32532	0.0
1203	0.0
29995	0.0
12590	0.0
16071	1.6406694801309094
19552	0.0
33476	0.0
5628	0.0
23033	0.0
26514	0.0
2147	0.0
9109	534.333333333332
15068	0.0
18549	0.0
11587	36.26317184989847
4625	0.0
22030	0.0
32473	0.0
28992	0.0
25511	229.0
8106	0.0
1144	0.0
26809	0.0
23328	0.0
9404	0.0
19847	0.0
16366	0.0
30290	0.0
33771	0.0
12885	0.0
2442	1920.8698154895164
5923	0.0
26632	0.0
33594	0.0
19670	0.0
30113	229.0
12708	0.0
5746	0.0
9227	0.0
16189	0.0
2265	0.0
23151	0.0
8342	39.85322777376772
15304	0.0
25747	0.0
22266	0.0
11823	0.0
32709	0.0
29228	0.0
4861	0.0
1380	0.0
18785	0.0
25806	0.0
32768	0.0
15363	0.0
22325	0.0
11882	0.0
29287	0.0
8401	0.0
4920	1170.0729652600278
18844	0.0
1439	0.0
17546	0.0
3622	7.285468528390009
27989	0.0
10584	1603.0
24508	0.0
21027	0.0
14065	0.0
7103	0.0
31470	0.0
34951	0.0
141	0.0
16897	0.0
30821	0.0
13416	3044.6721077093366
34302	687.0
9935	0.0
20378	0.0
23859	0.0
2973	266.4222572830026
27340	0.0
17074	0.0
20555	0.0
27517	0.0
10112	0.0
6631	0.0
30998	0.0
34479	0.0
24036	0.0
3150	1697.5700806325349
8755	0.0
33122	0.0
12236	0.0
19198	0.0
15717	0.0
26160	36.73637333229342
22679	0.0
29641	0.0
5274	0.0
1793	0.0
19375	0.0
5451	0.0
26337	0.0
22856	0.0
8932	10568.037820195012
12413	0.0
33299	0.0
1970	79.2914230783132
15894	0.0
29818	0.0
33889	0.0
6041	0.0
23446	0.9951864966594933
9522	0.0
19965	0.0
26927	0.0
16484	35.800415541641534
5510	0.0
26396	0.0
33358	0.0
12472	0.0
15953	0.0
22915	0.0
29877	0.0
8991	0.0
2029	0.6411211085389372
10879	0.0
24803	0.0
28284	0.0
21322	0.0
3917	252.1916821870245
7398	687.931844048614
436	0.0
14360	0.0
35246	0.0
31765	0.0
13180	0.0
30585	0.0
20142	0.0
16661	0.0
34066	0.0
6218	0.0
27104	0.0
9699	367.42788479408654
2737	0.0
18313	0.0
28756	0.0
11351	0.0
35718	0.0
32237	0.0
21794	0.0
4389	0.0
14832	0.0
908	0.0
16012	0.0
5569	0.0
29936	0.0
33417	0.0
9050	0.0
26455	0.0
19493	0.0
12531	0.0
2088	0.0
