1019	0.0
21905	0.0
4500	0.0
18424	0.0
28867	0.0
7981	0.0
25386	0.0
32348	0.0
11462	0.0
14943	0.0
18778	0.0
1373	0.0
25740	0.0
29221	0.0
11816	23.434221598144596
4854	30.257313680448412
15297	0.0
32702	0.0
22259	0.0
17480	0.0
75	9200.175417322664
27923	0.0
7037	0.0
10518	0.0
3556	0.0
34885	0.0
13999	0.0
24442	0.0
20961	0.0
31404	0.0
9751	343.5
34118	0.0
2789	115.59631732457089
6270	0.0
23675	1.0876613161660131
30637	0.0
27156	0.0
16713	0.0
20194	0.0
13232	0.0
2081	14102.175239207763
19486	0.0
26448	0.0
16005	0.0
9043	0.0
33410	0.0
22967	0.0
5562	0.0
29929	7.725431821218757
1904	0.0
26271	0.0
5385	0.0
33233	3.9701046746612088
22790	0.0
19309	42.835546462898634
15828	0.0
33882	0.0
16477	0.0
9515	0.0
2553	0.0
6034	0.0
26920	0.0
19958	0.0
12996	31.575153690537817
23439	0.0
30401	0.0
5680	0.0
30047	0.0
9161	0.0
19604	0.0
12642	0.0
33528	0.0
23085	0.0
26566	0.0
16123	0.0
31522	0.0
14117	0.0
17598	0.0
193	0.0
10636	0.0
28041	916.0
35003	0.0
21079	0.0
3674	0.0
7155	6240.659716774755
2376	0.0
12819	0.0
30224	0.0
26743	0.0
23262	0.0
16300	0.0
19781	0.04326385979611786
5857	0.0
9338	0.0
33351	0.0
2022	77.92104285522893
12465	0.0
22908	0.0
29870	0.0
26389	0.0
8984	0.0
5503	0.0
15946	423.4659558596851
5739	0.0
19663	0.0
2258	813.6016970736824
26625	0.0
16182	0.0
12701	0.0
30106	0.0
8158	229.0
29044	0.0
1196	192.77822452008047
25563	0.0
32525	0.0
4677	4.938791417819241
18601	0.0
2494	367.3913547581722
5975	5225.5657408696625
16418	0.0
26861	0.0
19899	0.0
30342	0.0
9456	0.0
23380	0.0
33823	0.0
12937	0.0
32584	0.0
1255	7.349175181615166
25622	0.0
29103	0.0
15179	15.907162164205182
22141	0.0
8217	0.0
18660	0.0
4736	0.0
547	8095.17301427196
17952	0.0
7509	0.0
21433	0.0
10990	0.0
28395	0.0
24914	64.22148686855877
31876	0.0
4028	0.0
14471	90.22056091639513
35593	4.184462052370035
11226	0.0
18188	0.0
4264	56.615172277568256
32112	0.0
21669	0.0
14707	0.0
25150	0.0
3202	0.0
6683	171.97109567833814
17126	0.0
20607	352.61587566209806
24088	0.0
13645	0.0
10164	93.76890363894992
31050	0.0
28513	0.0
25032	0.0
665	131.67470064915926
21551	0.0
14589	0.0
11108	0.0
31994	0.0
7627	0.0
4146	0.0
16241	0.0
23203	0.38756680096886287
19722	2.0046443804635614
26684	0.0
33646	689.6982176573176
30165	0.0
5798	0.0
22377	0.0
15415	0.0
18896	0.0
1491	31.047280178609977
11934	0.0
25858	0.0
8453	398.0643049587307
32820	0.0
4972	31.913878260053092
29339	0.0
4087	69.82588117322183
18011	0.0
606	0.0
21492	0.0
35416	0.0
7568	0.0
24973	0.0
14530	31.757203241309412
28454	0.0
31935	0.0
11049	0.0
5621	0.0
2140	0.0
19545	0.2356141157629669
16064	0.0
26507	0.0
9102	0.0
29988	0.0
12583	0.0
33469	0.0
23026	0.0
12170	0.0
33056	0.0
5208	0.0
1727	0.0
29575	0.0
22613	0.0
15651	0.0
22554	0.0
12111	1050.637963437142
19073	0.0
26035	0.0
5149	0.0
29516	1416.6732336357727
15592	0.0
32997	0.0
8630	25.59607076453996
8099	0.0
28985	0.0
25504	0.0
15061	0.0
11580	0.0
4618	0.0
22023	0.0
32466	0.0
488	0.0
35298	5609.61487464333
3969	1755.8373233628306
10931	1.9520009771034197
24855	0.0
7450	0.0
31817	0.0
21374	0.0
28336	0.0
17775	93.82821848113826
31699	0.0
370	0.0
35180	0.0
3851	311.7174593319873
14294	243.10406203466695
28218	0.0
10813	0.0
21256	0.0
20666	0.0
24147	0.0
27628	0.0
34590	0.0
3261	0.0
10223	0.0
31109	0.0
13704	0.0
17185	8.088366915409987
6742	0.0
4913	0.0
25799	0.0
15356	0.0
29280	0.0
1432	189251.8360057664
22318	0.0
11875	0.0
32761	0.0
18837	0.0
8394	0.0
32289	0.0
18365	0.0
21846	0.0
4441	0.0
28808	0.0
25327	0.0
14884	0.0
11403	0.0
960	0.0
7922	0.0
35770	0.0
8571	0.0
19014	0.0
5090	8.519478216507576
15533	0.0
25976	0.0
1609	0.0
12052	20.036251789999145
32938	0.0
9397	0.0
33764	0.0
5916	65.83717640976693
23321	0.0
12878	0.0
30283	0.12001157541382104
19840	0.0
2435	473.3721083816838
26802	0.0
16359	0.0
33174	0.0
5326	0.0
29693	0.0
15769	0.0
26212	0.0
22731	0.0
1845	0.0
12288	0.0
8807	0.0
19250	0.0
17421	0.0
20902	0.0
6978	0.0
31345	0.0
3497	0.0
16	0.0
27864	0.0
13940	0.0
34826	2.5516623372757268
10459	0.0
24383	23.160138181241525
27333	0.0
23852	0.0
34295	0.0
30814	0.0
16890	0.0
2966	4745.499293667953
20371	0.0
6447	0.0
9928	0.0
13881	0.0
20843	0.0
34767	0.0
27805	0.13333333333333333
3438	912.5828275091562
17362	0.0
24324	0.0
6919	0.0
10400	0.0
6152	0.0
16595	0.0
20076	0.0
27038	0.0
34000	0.0
30519	0.0
9633	0.0
2671	0.0
13114	0.0
23557	0.0
24501	0.0
14058	0.0
21020	0.0
10577	0.0
27982	0.0
134	56.678032539018304
7096	0.0
23498	0.0
9574	0.0
26979	0.0
6093	0.0
13055	0.0
33941	0.0
16536	0.0
30460	0.0
20017	0.0
2612	0.0
24029	0.0
6624	0.0
27510	0.0
10105	0.0
34472	0.0
20548	0.0
17067	0.0
30991	0.0
3143	77.35129939915068
17008	290.678589054977
30932	0.0
34413	0.0
13527	994.0651421769832
10046	0.0
20489	0.0
27451	0.0
3084	0.0
6565	0.0
23970	7.607240505803188
31758	0.0
3910	0.0
14353	0.0
7391	254.09549019657618
21315	0.0
28277	0.0
10872	16.01848934004836
24796	0.0
17834	0.0
429	0.0
34708	0.0
10341	0.0
17303	0.0
31227	0.0
20784	0.0
24265	0.0
6860	0.0
27746	0.0
13822	0.0
3379	229.0
10282	145.62479685907516
24206	0.0
13763	0.0
27687	0.0
31168	0.0
6801	245.39551091520622
3320	0.0
25445	0.0
28926	0.0
11521	0.0
15002	232.4289498655097
21964	0.0
18483	0.0
8040	0.0
15474	0.0
18955	0.0
11993	0.0
25917	0.0
29398	0.0
22436	0.0
8512	0.0
32879	0.0
1550	3707.571935321884
5031	0.0
21787	0.0
28749	0.0
35711	458.0
4382	21.21079459121286
7863	0.0
901	0.0
25268	0.0
25681	0.0
29162	0.0
32643	0.0
11757	0.0
22200	0.0
4795	0.0
1314	7833.0356221593465
15238	0.0
8276	0.0
16949	0.0
9987	0.0
13468	0.0
6506	250.45514268766985
20430	0.0
30873	0.0
34354	0.0
23911	2.594420177905159
27392	0.0
3025	0.0
16772	0.0
23734	0.0
20253	39.37657865614477
13291	0.0
9810	0.0
30696	687.0
6329	0.0
2848	296.0384788269187
34177	0.0
19191	0.0
33115	0.0
26153	0.0
15710	0.0
29634	0.0
22672	0.0
1786	974.9389373156372
8748	1.6157959452006148
29811	0.0
19368	0.0
12406	0.0
8925	0.0
26330	0.0
33292	0.0
1963	0.0
5444	0.0
28159	0.0
35121	0.0
21197	0.0
7273	3040.7318391237154
10754	0.0
31640	0.0
14235	0.0
3792	0.0
311	0.0
17716	0.0
24678	0.0
21138	0.0
14176	0.0
28100	0.0
31581	0.0
10695	533.6602561581855
17657	0.0
3733	0.0
252	3247.7434368157574
4323	0.0
28690	524.4864714262736
35652	0.0
14766	35.738115039377035
11285	0.0
25209	0.0
21728	0.0
32171	0.0
7804	0.0
842	0.0
16831	26.255561115072805
13350	0.0
27274	0.0
20312	630.5696905469963
23793	21124.000000000004
6388	72.58460429320691
9869	0.0
30755	0.0
34236	0.0
2907	0.0
11167	0.0
18129	0.0
32053	0.0
25091	0.0
4205	1077.8804289150721
28572	0.0
14648	13.116635102094849
7686	0.2841340474024132
35534	18.071527791748462
21610	0.0
724	0.0
34059	0.0
13173	0.0
16654	0.0
23616	0.0
20135	0.0
30578	0.0
9692	435.8410653513357
6211	0.0
2730	17164.04869349247
27097	0.0
