19725	0.0
2320	326.81823157579703
5801	0.0
30168	0.0
33649	0.37246471362040334
12763	0.0
26687	0.0
23206	0.0
16244	0.0
31289	0.0
10403	7812.947612909849
20846	0.0
6922	0.0
17365	0.0
24327	0.0
27808	0.0
13884	0.0
19961	229.0
2556	0.0
12999	0.0
6037	0.0
33885	0.0
16480	0.0
23442	0.0
30404	0.0
34652	0.0
3323	0.0
27690	479.8074036676794
10285	0.0
6804	0.0
17247	0.0
31171	0.0
13766	0.0
24209	0.0
20728	1030.5
7217	0.0
31584	0.0
10698	0.0
14179	0.0
21141	0.0
28103	0.0
3736	0.2
24622	0.0
17660	0.0
8102	0.0
11583	0.0
1140	0.0
18545	0.0
4621	0.0
15064	0.0
28988	0.0
32469	0.0
22026	0.0
25507	0.0
5624	0.0
29991	0.0
12586	0.0
23029	0.0
19548	0.0
33472	0.0
16067	0.0
9105	0.0
26510	0.0
19902	0.0
2497	0.0
33826	0.0
23383	0.0
26864	0.0
16421	14.817460501256805
12940	0.0
30345	0.0
5978	0.0
1848	0.0
12291	0.0
19253	0.0
5329	0.0
8810	0.0
33177	0.0
26215	0.0
29696	0.0
15772	0.0
11170	0.0
21613	0.0
7689	0.0
727	117.13294475322336
25094	0.0
32056	0.0
18132	0.0
35537	0.0
4208	0.0
14651	0.0
28575	0.0
2379	0.0
19784	0.0
5860	0.0
30227	0.0
23265	0.0
26746	0.0
33708	0.0
12822	0.0
16303	0.0
9341	0.0
11760	0.0
29165	0.0
1317	0.0
18722	0.0
15241	0.0
8279	0.0
4798	0.0
32646	0.0
22203	0.0
27867	0.0
19	3425.2149250009234
17424	0.0
3500	0.0
34829	0.0
6981	0.0
13943	550.6088260359861
31348	0.0
20905	0.0
24386	0.0
34357	0.0
9990	0.0
20433	0.0
13471	1853.5983906749586
3028	0.1755050505050505
6509	0.0
30876	0.0
27395	0.0
23914	602.6490973701103
16952	0.0
16834	675.5304904431447
34239	916.0
2910	18.893996624730764
27277	0.0
9872	0.0
20315	0.8196905469961837
23796	0.0
13353	0.0
6391	0.0
34062	0.0
27100	0.0
2733	0.0
6214	0.0
13176	0.0
9695	6901.022924985409
20138	0.0
23619	0.0
16657	0.0
30286	0.0
5919	0.0
9400	0.0
16362	0.0
12881	0.0
2438	0.0
33767	0.0
26805	0.0
23324	0.0
7099	0.0
137	991.9382356349241
31466	0.0
10580	3847.502908276622
14061	0.0
24504	0.0
21023	0.0
17542	458.0
27985	0.0
32410	0.0
4562	0.0
11524	0.0
28929	0.0
1081	0.0
25448	0.0
18486	0.0
21967	0.0
15005	0.0
8043	311.92200526607485
5742	76.33333333333333
9223	0.0
26628	0.0
12704	0.0
30109	10.918355877108466
16185	0.0
2261	0.0
33590	0.0
23147	0.0
19666	0.0
5152	0.0
12114	0.0
8633	0.0
1671	2083.6290915419104
29519	0.0
19076	57.49632566603616
15595	0.0
26038	0.0
22557	0.0
33000	0.0
19489	0.0
5565	14.26584365354642
2084	0.0
29932	0.0
16008	0.0
12527	238.60402365853506
26451	0.0
9046	0.0
33413	0.0
22970	0.0
29814	0.0
8928	458.0
33295	0.0
15890	0.0
22852	0.0
1966	0.0
26333	0.14702249315733962
12409	0.0
5447	0.0
19371	0.0
24091	0.0
13648	0.0
3205	248.033571229897
27572	0.0
6686	0.0
10167	0.0
34534	0.0
31053	0.0
20610	0.0
17129	0.0
21318	0.0
10875	0.0
28280	0.0
432	7320.340383603958
7394	0.0
35242	0.0
3913	229.18281707638167
29637	0.0
26156	0.0
5270	0.0
1789	0.0
33118	0.0
15713	6.3468770446360905
19194	0.0
12232	0.0
14828	0.0
4385	0.15736031254607105
7866	0.0
21790	0.0
32233	0.0
904	1145.0
11347	0.0
28752	0.0
35714	0.0
25271	0.0
18309	0.0
7925	299.00392692382803
21849	0.0
14887	0.0
35773	0.0
18368	0.0
28811	0.0
963	0.0
32292	0.0
11406	0.0
25330	0.0
4444	0.0
2202	0.0
23088	1145.8540012057513
33531	0.0
16126	0.0
30050	0.0
9164	0.0
12645	0.0
5683	0.0
14297	0.0
3854	0.0
24740	0.0
7335	152.0609944674742
373	0.0
17778	0.0
31702	0.0
35183	0.0
10816	0.0
21259	0.0
24858	0.0
10934	0.0
35301	0.0
14415	0.04922779922779923
28339	0.0
491	0.0
31820	0.0
7453	458.0
21377	0.0
3972	0.0
17896	0.0
5506	94.94033688273525
26392	0.0
8987	0.0
2025	0.0
15949	0.0
19430	0.0
12468	0.0
22911	0.0
33354	0.0
29873	0.0
11878	0.0
18840	0.0
32764	0.0
15359	0.0
25802	229.0
1435	3390.601928491671
4916	0.0
29283	0.0
8397	0.0
35655	0.0
4326	0.0
11288	0.0
28693	0.3646620640030418
32174	0.0
14769	0.0
845	0.0
7807	0.0
21731	0.0
25212	0.0
30640	0.0
9754	0.0
34121	0.0
2792	0.0
6273	267.695121647192
13235	0.0
16716	0.0
27159	0.0
20197	0.0
34298	0.0
6450	34.06538757664129
9931	0.0
2969	0.19845039484409865
27336	0.0
23855	0.0
16893	0.0
30817	0.0
20374	0.0
27749	233.48962004749407
10344	0.0
6863	0.0
34711	0.0
17306	0.0
3382	88572.94515293068
24268	0.0
31230	57.25
11996	0.0
5034	0.0
29401	0.0
22439	0.0
1553	0.0
25920	0.0
32882	0.0
15477	0.0
6096	0.0
16539	0.0
26982	0.0
33944	0.0
30463	0.0
9577	21895.07031776974
20020	313.8767905290054
13058	0.0
23501	0.0
32705	0.0
8338	0.0
4857	0.0
11819	602.8157835742423
29224	0.0
25743	0.0
15300	8.590370523777315
1376	1081.145625152308
18781	0.0
34003	0.0
23560	0.0
16598	0.0
13117	0.0
9636	0.0
2674	0.0
6155	0.0
20079	0.0
30522	0.0
27041	0.0
23737	0.0
20256	0.0
34180	0.0
2851	0.0
16775	0.0
13294	0.0
30699	0.0
21082	0.0
17601	0.0
31525	0.0
28044	0.0
3677	4.114151292157211
10639	0.0
7158	5374.408304682144
14120	0.0
196	0.0
24563	0.0
31407	0.0
14002	0.0
20964	0.0
10521	0.0
78	0.0
24445	0.0
34888	0.0
3559	416.271445700047
17483	0.0
17955	0.0
10993	0.0
28398	0.0
7512	237.80468770059395
4031	0.0
21436	0.0
24917	0.0
31879	0.0
550	0.0
14474	228.0
35360	0.0
6627	0.0
27513	0.0
20551	0.0
17070	0.0
30994	0.0
34475	0.6818181818181818
24032	0.0
13589	1467.0789954990983
10108	0.0
3146	39.94192756729055
21554	0.0
11111	0.0
25035	0.0
14592	0.0
31997	0.0
35478	0.0
4149	0.0
668	0.0
7630	0.0
30935	0.0
34416	0.0
10049	0.0
20492	0.0
13530	0.0
17011	0.0
23973	0.0
6568	6182.261151020565
27454	0.0
3087	1512.3603649333584
15831	175.4634657860953
5388	0.0
29755	0.0
12350	0.0
22793	0.0
26274	0.0
1907	0.0
33236	229.0
8869	0.0
19312	0.0
8220	0.0
18663	0.0
15182	0.0
29106	0.0
22144	0.0
4739	2993.931616359284
32587	0.0
25625	0.0
1258	0.0
11701	0.0
15418	0.0
32823	0.0
4975	3113.637175319052
22380	0.0
29342	0.0
25861	0.0
1494	0.0
11937	0.0
8456	0.0
32115	0.0
18191	0.0
25153	0.0
4267	0.0
35596	0.0
7748	1017.7522994223301
28634	0.0
21672	0.0
14710	0.0
5093	0.0
19017	0.0
15536	0.0
12055	2040.3073058814875
25979	0.0
32941	0.0
29460	0.0
1612	693.3140306182554
8574	0.0
33059	0.0
8692	229.0
29578	0.0
5211	0.0
15654	0.0
12173	0.0
26097	0.0
1730	596.8515939407372
32528	0.0
4680	0.0
15123	684.0
22085	0.0
8161	0.0
18604	0.0
25566	0.0
1199	0.0
29047	0.0
28457	0.0
7571	0.0
14533	0.0
21495	0.0
35419	0.0
4090	6859.720949890541
609	2069.4724487887433
24976	0.0
31938	0.0
24681	0.0
7276	0.0
10757	0.0
28162	0.0
3795	77.75500964947223
14238	0.0
17719	0.0
314	0.0
31643	0.0
21200	0.0
27631	0.0
34593	0.0
6745	0.0
17188	0.0
31112	0.0
24150	0.0
3264	7867.5960161843
14946	0.0
32351	0.0
4503	0.0
28870	0.0
11465	0.0
21908	0.0
7984	0.0
1022	434.60116420902546
25389	0.0
