28251	0.0
17808	0.0
31732	0.0
403	0.0
10846	0.0
7365	0.0
14327	0.0
3884	0.0
35213	801.5
21289	0.0
521	789.8014851307944
35331	0.0
28369	0.0
17926	0.0
31850	0.0
24888	39.426713313462905
4002	3.7106316920424502
10964	0.0
7483	0.0
21407	0.0
31968	0.0
18044	0.0
639	10789.25091608313
25006	0.0
21525	0.0
7601	0.0
35449	0.0
4120	217.29421078464924
28487	0.0
14563	0.0
1937	0.0
29785	562.4069177339859
33266	0.0
19342	0.0
8899	0.0
26304	0.0
5418	0.0
22823	0.0
12380	61.52972533803764
6244	0.0
2763	2939.671934859246
9725	0.0
13206	0.0
23649	0.0
16687	0.0
34092	0.0
30611	0.0
27130	0.0
20168	0.0
11613	0.6000000000000001
4651	0.0
1170	0.0
15094	0.0
32499	0.0
8132	2592.6880682068627
22056	47.47423082942103
18575	0.0
25537	0.0
29018	0.0
32381	0.0
4533	0.0
11495	0.0
8014	0.0
1052	0.0
21938	0.0
28900	0.0
2586	0.0
9548	1076.8450407379864
16510	6.35140977815186
23472	0.0
33915	0.0
26953	0.0
30434	0.0
6067	0.0
25301	0.0
32263	0.0
35744	0.0
11377	18.91287139366763
934	0.0
28782	0.0
4415	0.5829762581599621
21820	0.0
14858	0.0
7896	898.4576495730355
757	0.0
14681	0.0
25124	0.0
4238	0.0
7719	0.0
11200	0.0
32086	0.0
21643	0.0
28605	0.0
7247	0.24986207548618414
285	1092.446309913727
35095	0.0
21171	0.0
24652	0.0
17690	229.0
3766	0.0
31614	0.0
10728	61.689879863384526
28133	0.0
3294	0.0
24180	0.0
31142	0.0
10256	0.0
17218	0.5887762707441608
20699	0.0
13737	0.0
27661	801.5
6775	0.0
23000	0.0
2114	0.0
29962	1731.8743252864908
12557	0.0
5595	0.6269031692944735
26481	0.0
19519	0.0
33443	0.0
16038	0.0
1288	8119.515033312039
11731	0.0
32617	0.0
15212	0.0
4769	0.0
25655	0.0
29136	0.0
22174	0.0
12793	0.0
2350	0.0
16274	0.0
26717	0.0
33679	0.0
9312	0.0
5831	0.0
30198	0.0
19755	15.013355258817459
23236	0.0
24711	0.0
344	0.0
10787	0.0
28192	0.0
3825	1220.3987262000721
21230	0.0
7306	517.6242348989988
14268	0.0
17749	0.0
31673	0.0
35154	0.0
10492	0.0
27897	0.0
3530	0.0
49	331.00413931320804
24416	0.0
13973	0.0
17454	0.0
7011	0.0
20935	0.0
31378	0.0
17336	0.0
3412	0.0
31260	0.0
10374	0.0
27779	0.0
13855	0.0
24298	0.0
34741	0.0
20817	0.0
27720	0.0
20758	0.0
13796	0.0
17277	0.0
3353	0.0
24239	0.0
31201	0.0
10315	0.0
6834	0.0
5300	0.0
22705	0.0
1819	0.0
8781	0.0
19224	0.0
15743	5.273586743996783
29667	0.0
26186	0.0
33148	0.0
12262	104.3122584135981
31437	0.0
20994	0.0
10551	9847.907897723626
108	7857.8395184859555
27956	0.0
24475	229.0
14032	0.0
17513	0.0
3589	0.0
7070	0.0
34033	2290.0
30552	0.0
27071	0.0
6185	0.0
13147	0.0
2704	768.886402577862
16628	0.0
20109	0.0
9666	310.3491522672137
23590	0.0
20404	0.0
16923	0.0
9961	916.0
2999	178.42782347238406
6480	0.0
27366	0.0
30847	0.0
23885	229.0
13442	0.0
34328	0.0
28074	0.0
17631	0.0
14150	0.0
226	59623.674437851114
21112	0.0
7188	0.0
35036	0.0
10669	275.7322144575798
29195	0.0
11790	0.0
22233	0.0
18752	258.46130234880735
1347	267.6432532184258
25714	0.0
4828	0.0
8309	99.36087445388736
9784	3215.867441930063
16746	0.0
34151	0.0
2822	0.0
13265	0.0
6303	0.0
30670	0.0
23708	0.0
27189	0.0
18634	0.0
32558	0.0
1229	0.0
15153	0.0
11672	0.0
4710	0.0
25596	0.0
29077	0.0
8191	630.5521273868753
18988	0.0
8545	0.609515930958016
1583	0.0
29431	2.596349928926796
12026	67.49871631578682
5064	0.0
22469	0.0
15507	0.0
25950	0.0
33856	0.0
6008	1077.902286668194
12970	21.459069470795708
19932	0.0
16451	0.0
2527	2.362354376787318
30375	0.0
26894	0.0
23413	0.0
23118	0.0
9194	687.0
16156	1145.0
12675	0.0
2232	0.0
26599	0.0
30080	1.3579365079365076
19637	0.0
33561	0.0
32204	0.0
28723	805.5392326967135
35685	0.0
4356	0.0
21761	0.0
11318	0.0
875	0.0
7837	0.0
18280	0.0
25242	0.0
13678	229.0
20640	0.0
6716	0.0
10197	527.6870425422113
3235	328.92508545299603
17159	0.0
24121	0.0
34564	0.0
31083	0.0
24947	0.0
28428	0.0
35390	0.0
580	703.2286257384371
21466	0.0
7542	0.0
14504	0.0
6657	0.0
17100	0.0
31024	0.0
10138	0.0
34505	0.0
24062	0.0
27543	0.0
13619	0.0
3176	3.74124175199767
20581	0.0
22882	0.0
8958	0.0
5477	0.0
29844	458.0
26363	0.0
15920	0.0
19401	0.0
1996	0.0
12439	0.0
33325	0.0
30729	0.0
9843	0.0
20286	4594.390950676697
13324	0.0
2881	0.0
34210	0.0
6362	229.0
23767	0.0
16805	0.0
27248	0.0
9430	0.0
33797	0.0
23354	0.0
5949	0.0
2468	0.0
16392	0.0
30316	0.0
19873	0.0
12911	35.25820908210199
26422	0.0
29903	0.0
12498	0.0
33384	0.0
19460	0.0
15979	0.0
2055	50524.00526545097
5536	0.0
22941	0.0
9017	0.0
10433	0.0
13914	0.0
27838	0.0
20876	0.0
24357	0.0
31319	0.0
3471	0.612399478952292
6952	0.0
34800	0.0
24003	0.0
10079	0.0
27484	0.0
20522	232.3881230666692
13560	687.0
34446	0.0
17041	470.110067989193
30965	0.0
11141	831.2433147606149
28546	0.0
4179	0.0
35508	133.583333333333
14622	44.56040846576047
32027	0.0
25065	0.0
698	16.16047738007395
21584	0.0
18103	78.60296814489095
24829	456.0
10905	0.0
35272	0.0
3943	1171.3189034316777
17867	0.0
21348	0.0
7424	0.0
28310	0.0
462	0.0
14386	6.545226910166827
29608	0.0
8722	140.03246023493296
26127	0.0
22646	0.0
5241	0.0
15684	0.0
33089	0.0
12203	0.0
16333	0.0
30257	0.0
12852	0.0
26776	0.0
33738	0.0
19814	0.0
23295	0.0
2409	0.0
5890	0.0
9371	0.0
21702	0.0
14740	0.0
32145	0.0
4297	486.72958322611015
7778	0.0
11259	0.0
25183	0.0
18221	0.0
35626	0.0
28664	0.0
25832	0.0
32794	0.0
8427	0.0
18870	0.0
1465	17331.761052553167
11908	0.0
29313	0.0
15389	0.0
29726	0.0
26245	0.0
12321	0.0
8840	0.0
15802	0.0
1878	0.0
33207	0.0
13501	1779.0191881290793
30906	0.0
34387	12.19192287043375
20463	0.0
23944	0.0
6539	0.0
10020	24.858082989936857
3058	12191.33787370037
16982	0.0
12085	19.778452346752683
8604	0.0
32971	0.0
22528	0.0
19047	0.0
29490	2773.397314009461
26009	0.0
15566	0.0
5123	0.0
1642	209.97523687617337
23531	0.0
6126	229.0
13088	0.0
20050	0.0
16569	53.19537151193252
2645	2.957082445136548
33974	0.0
30493	0.0
30788	0.0
13383	0.0
20345	0.0
23826	1.1591566084730223
16864	0.0
9902	0.0
27307	0.0
2940	0.4812312312312312
34269	0.0
22410	0.0
29372	0.0
32853	0.0
5005	0.0
18929	0.0
11967	3.6530214652547226
1524	5372.184979783805
15448	0.0
21053	0.0
31496	0.0
14091	0.0
24534	0.0
3648	1008.8664665934364
28015	0.0
10610	470.31713008361345
7129	0.0
17572	0.0
167	490.20217908336997
33030	0.0
5182	0.0
15625	0.0
29549	0.0
19106	0.0
22587	0.0
26068	0.0
12144	0.0
1701	0.0
19578	0.0
33502	0.0
16097	0.7177069053291689
30021	0.0
23059	0.0
5654	0.0
26540	0.0
9135	0.0
30139	0.0
9253	0.0
23177	0.0
16215	0.0
12734	0.0
26658	0.0
19696	3430.203929044224
5772	0.0
2291	0.0
33620	0.0
11849	0.0
8368	0.0
32735	0.0
15330	0.0
29254	0.0
4887	0.0
25773	0.0
18811	0.0
1406	0.0
25478	687.0
32440	0.0
11554	80.34453243161833
18516	0.7749401845108349
4592	0.0
21997	0.0
15035	0.0
28959	3.834105030830265
8073	3.135420843321839
1111	0.0
21879	0.0
32322	0.0
14917	0.0
35803	0.0
11436	0.0
7955	0.0
993	0.0
25360	93.29495495728253
