24258	0.0
27739	0.0
34701	0.0
31220	0.0
17296	0.0
10334	89.62883560828595
6853	0.0
13815	0.0
2428	0.0
9390	177.25096154671823
5909	0.0
33757	0.0
12871	229.0
19833	0.0
26795	0.0
30276	0.0
23314	0.0
21780	0.0
894	0.0
11337	0.0
28742	0.0
14818	0.0
4375	0.0
7856	0.0
35704	0.0
32223	0.0
18299	0.0
25261	0.0
6263	0.0
30630	0.0
2782	1.1213716541847865
16706	0.0
23668	0.0
13225	0.0
20187	0.0
27149	0.0
9744	0.0
34111	0.0
1012	283.2836042467244
4493	107.80823785654648
11455	0.0
18417	0.0
14936	0.0
28860	0.1800283367604959
21898	0.0
32341	0.0
25379	2.7258530590071373
7974	0.0
1897	0.0
8859	0.0
15821	0.0
22783	0.0
33226	0.0
29745	0.0
12340	0.0
19302	0.0
26264	0.0
1366	0.0
32695	0.0
29214	0.0
22252	0.0
11809	0.0
25733	916.0
8328	0.0
4847	0.0
2310	0.0
16234	231.64025145311447
33639	0.0
9272	0.0
19715	14.73326946532686
12753	0.0
23196	0.0
5791	0.0
15467	0.0
18948	0.0
1543	1005.3476487838436
11986	0.0
25910	3.4050980278003435
22429	0.0
29391	1042.8307127078544
8505	0.0
32872	0.0
5024	458.0
1838	0.0
19243	0.0
33167	0.0
26205	0.0
8800	0.0
22724	0.0
15762	0.0
12281	0.0
29686	0.0
7030	0.0
27916	0.0
24435	0.0
68	28263.239000949943
31397	0.0
3549	3740.7929015695636
10511	0.0
17473	0.0
20954	0.0
14464	0.0
21426	0.0
540	0.0
31869	0.0
7502	1146.737379695902
24907	0.0
35350	0.0
28388	0.0
17945	0.0
17532	0.0
31456	0.0
7089	1.5170927265016716
34937	0.0
14051	1.6035211693924918
127	0.0
10570	0.0
21013	0.0
24494	0.0
3608	116.73312336953927
9036	0.0
26441	0.0
15998	0.0
2074	0.0
33403	0.0
22960	0.0
29922	0.0
33580	0.0
30099	0.0
16175	0.0
2251	2113.4208580584777
19656	0.0
5732	0.0
26618	0.0
23137	0.0
12694	0.0
9213	0.0
30925	0.0
34406	0.0
13520	0.0
6558	0.0
3077	63319.86819082005
17001	235.28792118838885
23963	0.0
10039	0.0
27444	29.544588512226746
25143	0.0
18181	0.0
11219	0.0
7738	0.0
4257	284.00387696144924
21662	0.0
776	255.01658572594295
35586	0.0
28624	0.0
14700	2.41745207787259
32105	0.0
25556	0.0
22075	0.0
29037	0.0
18594	0.0
8151	0.0
11632	0.0
1189	7380.027725951039
15113	86.15908719070974
32518	0.0
31574	0.0
3726	0.0
245	0.0
28093	458.0
21131	0.0
14169	0.0
24612	2061.0
10688	0.0
17650	0.0
7207	3003.9999776199643
34229	0.0
6381	0.0
16824	0.0
2900	3687.0333422180915
23786	0.0
30748	0.0
20305	229.0
9862	0.0
16057	0.0
29981	460.75546772114103
33462	0.0
2133	0.0
12576	0.0
26500	0.0
9095	0.0
5614	0.0
23019	0.0
19538	0.0
11868	0.0
25792	239.50819856574273
8387	0.0
1425	106.4443366831294
18830	0.0
15349	0.0
32754	0.0
29273	0.0
4906	0.0
22311	0.0
11396	0.0
32282	0.0
4434	0.0
953	823.2167345660656
14877	17.455384162312974
7915	0.0
35763	0.0
21839	0.0
28801	0.0
18358	0.0
25320	687.0
6145	0.0
16588	0.0
2664	0.0
30512	0.0
23550	0.0
27031	0.0
33993	0.0
20069	0.0
13107	767.330778963863
4080	18.909394434201776
599	5905.1070827872545
7561	464.5818155299331
31928	0.0
24966	0.0
18004	0.0
11042	3.8494879623378027
14523	0.0
21485	0.0
4611	161.99395495860458
25497	245.3681963218417
8092	92.79781970204547
28978	0.0
1130	0.0
18535	0.0
22016	0.0
32459	0.0
11573	0.0
15054	4.074972151475801
9803	0.0
13284	229.0
6322	0.0
16765	0.0
30689	0.0
20246	0.0
2841	0.0
27208	0.0
23727	0.0
34170	0.0
31279	0.0
24317	0.0
34760	0.0
17355	0.5887762707441608
20836	0.0
27798	0.0
3431	88.9639187226696
6912	0.0
13874	0.0
18653	0.0
22134	314.43208440568407
4729	0.0
11691	0.0
25615	0.0
29096	0.0
15172	25.49856776302734
1248	5464.854448012467
8210	0.0
32577	0.0
25025	0.0
14582	4.039464726995469
658	0.0
21544	0.0
7620	0.0
31987	0.0
11101	1137.9548311260805
28506	0.0
4139	229.68134705943888
25674	229.0
22193	2.7548825175959832
29155	0.0
11750	0.0
18712	0.0
1307	0.0
8269	0.0
4788	0.0
32636	0.0
30453	0.0
13048	0.0
9567	0.0
23491	0.0
33934	0.0
16529	0.0
26972	0.0
20010	0.0
6086	1.9586079175033309
3490	0.0
20895	0.0
24376	0.0
9	45.92418060638404
31338	458.0
27857	0.0
34819	0.0
13933	215.8203737326724
21957	0.0
25438	61.31441838028377
14995	0.0
32400	0.0
28919	0.0
18476	0.0
4552	69.67869623846107
1071	0.0
11514	2683.2524829736603
8033	0.0
17886	0.0
24848	0.0
10924	0.0
3962	730.3650962176642
481	45588.582255744055
14405	0.0
31810	0.0
21367	0.0
35291	0.0
28329	0.0
34288	0.0
30807	0.0
27326	0.0
16883	0.0
2959	0.0
20364	0.0
23845	0.0
6440	0.0
9921	0.0
17119	0.0
31043	0.0
6676	0.0
20600	0.0
34524	0.0
10157	0.0
13638	0.0
24081	0.0
3195	16.955270770862313
34347	0.0
16942	0.0
30866	0.0
6499	58862.34626713744
27385	0.0
20423	0.0
9980	0.0
23904	0.0
3018	12429.70150672641
31692	0.0
17768	0.0
3844	100.44037768621929
35173	0.0
28211	0.0
21249	0.0
363	0.0
7325	0.0
10806	0.0
14110	0.0
28034	0.0
3667	0.0
21072	0.0
17591	7.3017631404934225
10629	0.0
34996	0.0
7148	0.0
186	0.0
24553	0.0
9154	0.0
5673	0.0
16116	0.0
30040	0.0
26559	458.0
12635	0.0
2192	0.0
23078	0.0
19597	0.0
18889	0.0
29332	0.0
32813	0.0
25851	0.0
8446	0.0
11927	0.0
1484	0.0
15408	0.0
4965	1.6699346405228759
22370	0.0
28152	0.0
7266	57.92197144795065
10747	0.0
14228	0.0
21190	0.0
35114	0.0
304	110.03864807219325
3785	605.7184911949472
31633	0.0
17709	0.0
24671	0.0
5201	0.0
29568	0.0
12163	0.0
26087	687.0
33049	0.0
22606	0.0
15644	0.0
19125	0.0
8682	0.0
1720	0.0
14759	0.0
28683	697.9144290534208
35645	0.0
25202	0.0
11278	0.0
32164	0.0
21721	0.0
4316	1468.9741475576823
7797	820.5833333333355
835	0.0
5142	0.0
29509	0.0
22547	0.0
19066	0.0
8623	0.0
26028	0.0
15585	0.0
32990	0.0
1661	0.0
12104	0.0
33875	0.0
30394	0.0
6027	460.6786145290589
12989	6379.187030752241
16470	0.0
19951	0.0
26913	0.0
2546	1093.934415803275
12812	0.0
19774	0.0
23255	0.0
33698	0.0
5850	0.0
16293	0.0
30217	0.0
2369	0.0
26854	0.0
9449	0.0
33816	0.0
30335	0.0
19892	0.0
5968	0.0
2487	241.5514663962421
16411	0.0
8741	0.0
5260	0.0
15703	0.0
26146	0.0
22665	0.0
29627	0.0
1779	0.0
12222	0.0
23609	1146.0876613161656
27090	0.0
34052	458.0
30571	0.0
20128	0.0
9685	0.0
2723	0.0
6204	9.428422138002864
16647	0.0
13166	0.0
19007	546.4108774205758
5083	0.0
8564	0.0
12045	349.8205544207449
32931	0.0
25969	405.57610010863146
1602	0.0
34583	0.0
31102	0.0
13697	0.0
24140	0.0
6735	0.0
17178	0.0
27621	0.0
3254	667.4443753106203
10216	0.0
13756	0.0
10275	0.0
31161	0.0
24199	0.0
20718	3206.0374458874458
27680	0.0
17237	0.0
3313	205.03325082309783
6794	0.0
14641	2.851746038369954
21603	0.0
7679	0.0
35527	0.0
18122	0.0
11160	0.0
32046	0.0
4198	1399.6808489583123
25084	0.0
717	47.53540423332774
28565	0.0
3903	1257.1986204222142
31751	0.0
17827	0.0
7384	0.0
35232	0.0
10865	0.0
24789	0.0
28270	0.0
422	0.0
21308	0.0
8977	0.0
5496	0.0
12458	0.0
26382	0.0
19420	0.0
5437	0.0
19361	0.0
8918	229.63723271677816
29804	0.0
26323	0.0
15880	0.0
22842	0.0
1956	26052.222434992495
24022	0.0
17060	0.0
6617	0.0
20541	0.0
27503	0.0
13579	0.0
3136	35.929838105349795
