879	0.0
18284	6.126415723478239
11322	0.0
28727	0.0
7841	0.0
14803	0.0
25246	0.0
4360	0.0
21765	0.0
35689	0.0
1823	0.0
29671	0.0
8785	0.0
19228	0.0
26190	0.0
5304	0.0
33152	8.712902447847723
12266	0.0
22709	0.0
20349	0.0
2944	237.50677181202207
23830	0.0
6425	0.0
13387	128.7322433093869
9906	1.7256412556677405
27311	0.0
16868	0.0
30792	0.0
34509	0.0
3180	0.0
6661	0.0
17104	840.9291446628145
13623	0.0
20585	0.0
24066	0.0
23181	23.761776308011942
16219	0.0
30143	0.0
33624	0.0
19700	0.0
12738	12.247349564233765
26662	0.0
18933	0.0
11971	0.0
1528	172.62669228111363
29376	0.0
15452	0.0
22414	0.0
8490	0.0
5009	0.0
29435	0.0
5068	0.0
12030	892.579591443484
1587	0.0
15511	0.0
22473	458.0
25954	0.0
32916	0.0
18992	0.0
8549	0.0
820	0.0
21706	0.0
7782	0.0
4301	0.0
11263	0.0
14744	229.0
18225	0.0
35630	0.0
25187	0.0
21470	0.0
584	0.0
7546	0.0
11027	0.0
35394	0.0
14508	0.0
28432	0.0
4065	3.5816721492002355
31913	0.0
31500	0.0
171	4713.419689516427
14095	0.0
21057	0.0
17576	0.641002842420964
3652	70.3897109288452
28019	458.0
7133	452.6794001741818
24538	0.0
10614	0.0
1056	10.808707706441433
21942	0.0
28904	0.0
32385	0.0
8018	0.0
4537	0.0
18461	0.0
14980	0.0
25423	0.0
11499	505.0230117853502
10319	0.0
3357	0.0
31205	0.0
13800	73.72188218509953
6838	0.0
17281	0.0
27724	0.0
34686	0.0
24243	0.0
20762	0.0
16337	0.0
2413	0.0
19818	0.0
33742	0.0
9375	0.0
23299	0.0
5894	458.2273251721758
12856	237.00037548508794
24125	649.4112035717603
3239	316.69758084379504
13682	0.0
34568	0.0
27606	277.0631255927861
31087	0.0
6720	0.0
17163	230.70502316121141
10201	21.35844286423012
6484	0.0
27370	0.0
13446	0.0
9965	0.0
23889	1285.243905340267
30851	0.0
16927	0.0
34332	0.0
35571	0.0
11204	0.0
761	185.39233558778756
21647	0.0
32090	0.0
28609	0.0
4242	602.8400808366164
18166	0.0
14685	0.0
25128	0.0
7723	0.0
7605	2077.385992271893
4124	0.0
643	2143.138815165096
18048	0.0
35453	0.0
14567	0.0
31972	0.0
28491	0.0
21529	0.0
25010	0.0
11086	0.0
29494	0.0
12089	0.0
19051	0.0
8608	0.0
22532	687.0
26013	0.0
1646	0.0
5127	0.0
15570	0.0
32975	0.0
17458	0.5887762707441608
20939	0.0
3534	33404.09272990007
53	0.0
10496	0.0
13977	0.0
7015	0.0
27901	0.0
34863	0.0
31382	0.0
22591	0.0
29553	0.0
15629	0.0
26072	1937.6761255745944
19110	0.0
1705	0.0
12148	0.0
33034	3.085537805360297
5186	0.0
6897	0.0
27783	0.0
24302	0.0
3416	0.0
20821	0.0
31264	0.0
17340	0.5887762707441608
13859	0.0
10378	0.0
12620	0.0
5658	0.0
2177	0.0
26544	0.0
19582	0.0
23063	0.0
30025	0.0
16101	0.0
33506	0.0
9139	0.0
33388	0.0
19464	0.0
26426	0.0
9021	0.0
29907	0.0
2059	0.0
15983	0.0
22945	0.0
12502	0.0
5540	0.0
18697	0.0
11735	0.041666666666666664
25659	0.0
29140	0.0
1292	71.00476108396624
15216	0.0
8254	0.0
32621	0.0
4773	0.0
33978	0.0
20054	3.020507311369039
16573	0.0
6130	0.0
13092	0.0
30497	0.0
2649	0.0
9611	2.8699656559491533
23535	0.0
21175	0.0
28137	0.0
3770	1352.1569082325798
24656	0.0
10732	0.0
289	0.0
7251	0.0
17694	0.0
26485	0.0
9080	1679.3333333333287
12561	458.0
16042	0.0
19523	0.0
33447	0.0
2118	0.0
29966	0.0
23004	0.0
13741	0.0
27665	0.0
3298	0.0
31146	0.0
6779	0.0
24184	0.0
17222	7.890539411237582
12384	53.979511253045466
19346	0.0
22827	0.0
29789	0.0
33270	0.0
1941	458.0
5422	0.0
8903	0.0
15865	0.0
25305	0.0
21824	0.0
4419	0.0
35748	0.0
32267	0.0
938	0.0
7900	0.0
11381	0.0
28786	0.0
14862	0.0
15806	0.0
26249	0.0
33211	0.0
8844	0.0
29730	0.0
19287	0.0
22768	0.0
1882	306.29013633315145
12325	0.0
28255	0.0
21293	0.0
35217	0.0
407	9332.390428830018
10850	233.67611265093169
3888	9.963296511377333
11558	138.00604229731616
15039	0.0
1115	443.8268455660094
8077	0.0
22001	0.0
32444	0.0
4596	15017.089240196481
25482	484.6671981119358
28963	0.0
23358	0.0
5953	0.0
16396	229.0
19877	343.345728947922
26839	0.0
2472	0.0
33801	0.0
12915	0.0
9434	916.0
30320	0.0
5835	0.0
9316	0.0
12797	0.0
30202	0.0
19759	0.0
23240	0.0
16278	0.0
2354	0.0
33683	0.0
26721	0.0
17635	916.0
7192	476.80053697457987
21116	0.0
28078	0.0
35040	0.0
31559	0.0
3711	2828.359270621748
230	0.0
10673	0.0
27429	0.0
16986	0.0
13505	30.2419601957325
23948	0.0
30910	0.0
3062	0.0
34391	0.0
10024	125.51115794182866
6543	0.0
12207	0.0
1764	0.0
22650	0.0
26131	0.0
33093	0.0
15688	0.0
8726	0.0
5245	0.0
29612	0.0
27134	0.0
23653	0.0
34096	0.0
9729	0.0
20172	0.0
30615	0.0
13210	0.0
2767	711.2851042447506
16691	0.0
6248	0.0
6071	235.0521600491974
19995	0.0
33919	0.0
9552	0.0
16514	0.0
2590	0.0
26957	0.0
13033	0.0
23476	0.0
30438	0.0
3829	449.2324348568834
14272	0.0
7310	458.0
35158	0.0
21234	0.0
24715	229.0
31677	0.0
348	0.0
10791	0.0
17753	0.0
15275	0.0
4832	0.0
25718	0.0
18756	0.0
29199	229.0
22237	0.0
11794	0.0
1351	0.0
8313	0.0
32680	0.0
6956	0.0
13918	0.0
24361	0.0
34804	0.0
27842	159.26227207792715
10437	288.9078395153236
3475	241.82696577512337
20880	0.0
17399	0.0
15157	0.0
25600	0.0
22119	0.0
8195	0.0
18638	0.0
29081	458.70602542725493
4714	747.3560273713039
32562	0.0
1233	699.8634053022488
11676	0.0
25069	0.0
28550	0.0
14626	0.0
7664	0.0
11145	6.57306472464445
18107	0.0
21588	0.0
4183	0.0
32031	0.0
702	0.0
14390	0.0
17871	0.0
7428	2360.511203367537
24833	0.0
10909	4316.793903648757
31795	0.0
3947	0.0
466	0.0
28314	0.0
21352	0.0
24479	0.0
27960	0.0
10555	1274.1509826959766
17517	203.02948876443966
3593	52.12606785953988
31441	0.0
14036	14.198428465822563
7074	0.0
112	7889.523219619922
20998	0.0
20290	0.0
34214	0.0
6366	0.0
13328	0.0
16809	8.100870109713552
27252	0.0
23771	0.0
9847	0.0
30733	0.0
2885	279.73775143508334
30674	0.9629155181196051
27193	0.0
9788	0.0
34155	0.0
6307	518.8392359260055
16750	0.0
20231	0.0
19405	0.0
5481	0.0
29848	0.0
12443	0.0
15924	0.0
33329	0.0
22886	0.0
26367	0.0
2000	0.0
8962	0.0
29317	0.0
25836	0.0
4950	0.0
18874	0.0
11912	684.0
32798	0.0
15393	0.0
1469	0.0
22355	0.0
26898	0.0
16455	52.13805140075514
12974	691.4400152735845
6012	217.3133781719178
33860	0.0
30379	0.0
9493	229.2083477359143
23417	0.0
19936	0.0
2531	0.0
16632	0.0
9670	112.89152423896985
6189	136.78526279770952
30556	0.0
23594	0.0
13151	0.0
34037	0.0
20113	0.0
2708	1804.1603782638228
27075	0.0
20526	0.0
17045	0.0
10083	0.0
34450	0.0
6602	0.0
13564	39.51031321517803
24007	0.0
3121	0.0
22296	0.0
25777	0.0
4891	0.0
11853	54.62765917501099
29258	0.0
8372	599.3750529991422
15334	0.0
32739	0.0
1410	5306.014364057053
28845	0.16173461519276103
32326	0.0
25364	0.0
14921	0.0
18402	0.0
4478	0.0
21883	0.0
11440	232.94265521567627
35807	0.0
997	5357.935319187298
7487	0.0
35335	0.0
24892	0.0
21411	0.0
14449	0.0
4006	0.0
28373	0.0
31854	0.0
10968	0.0
525	28166.433077119727
17930	0.0
33565	0.0
26603	0.0
9198	169.82878432715154
12679	230.38262763482462
19641	28.86522988651403
30084	0.0
23122	364.0219749796555
16160	268.29826499952406
5717	0.0
2236	0.0
8136	0.0
11617	0.0
25541	0.0
22060	0.0
15098	0.0
29022	0.0
4655	0.0
18579	229.0
32503	0.0
1174	0.0
