18342	0.0
937	80.65566225779709
14861	0.0
28785	0.1800283367604959
32266	0.0
25304	0.0
35747	0.0
7899	25.69636865048792
21823	0.0
11380	0.0
25068	0.0
7663	1197.3803056737504
701	0.0
18106	0.0
11144	83.63902470948887
14625	0.0
35511	0.0
4182	0.0
21587	0.0
32030	0.0
14212	0.0
288	308.8650727486534
21174	0.0
31617	0.0
3769	1581.8113601791285
10731	0.0
7250	0.0
35098	0.0
28136	0.0
17693	0.0
34390	0.0
3061	0.0
27428	5.631524641190289
16985	0.0
23947	0.0
13504	15.103363309729307
30909	0.0
6542	0.0
10023	0.0
2707	3704.207300617064
30555	0.0
34036	0.0
16631	0.0
9669	81.63623342664057
27074	0.0
13150	0.0
20112	0.0
23593	0.0
27959	0.0
10554	216.35221600327156
7073	0.0
34921	0.0
3592	151.73359912194857
14035	0.0
20997	0.0
31440	0.0
33092	0.0
5244	0.0
1763	0.0
12206	150.9962077026933
26130	0.0
29611	0.0
15687	0.0
8725	0.0
22649	0.0
2353	0.0
23239	0.0
33682	0.0
5834	0.0
9315	0.0
16277	0.0
26720	0.0
19758	0.0
30201	0.0
12796	0.0
1409	2085.03630278048
18814	0.0
29257	0.0
11852	0.0
4890	0.0
15333	0.0
32738	0.0
25776	0.0
8371	238.69264902540164
26897	0.0
6011	0.0
12973	0.0
9492	621.9160518220403
30378	0.0
23416	0.0
19935	0.0
16454	0.0
29906	0.0
33387	0.0
2058	161553.4217302893
5539	0.0
15982	0.0
22944	0.0
26425	0.0
12501	80.71905424540638
9020	229.0
13917	255.16609405914744
3474	1245.9986497545758
34803	0.0
27841	0.0
10436	0.0
6955	0.0
20879	0.0
17398	0.0
31322	0.0
24360	0.0
31204	0.0
34685	0.0
10318	0.0
17280	0.0
3356	2.6407003972524277
24242	0.0
27723	0.0
20761	0.0
13799	0.0
20702	0.0
3297	916.0
24183	12.027866090565306
27664	7557.0
31145	0.0
6778	0.0
34626	0.0
17221	0.0
13740	0.0
819	0.0
7781	0.0
11262	0.0
14743	613.1089761864486
35629	0.0
21705	0.0
4300	0.0
28667	0.0
25186	0.0
24065	0.0
3179	0.0
6660	0.0
34508	0.0
17103	499.1517008132486
10141	0.0
13622	0.0
31027	0.0
28962	0.0
25481	0.0
4595	0.0
1114	0.0
32443	0.0
22000	0.0
18519	0.0
8076	0.0
11557	0.0
16395	0.0
5952	0.0
33800	0.0
19876	0.0
2471	462.5097496856871
9433	0.0
26838	0.0
30319	0.0
23357	0.0
12914	272.9955262067836
12737	1.5159896582109058
16218	0.0
23180	0.0
26661	0.0
33623	0.0
19699	0.0
9256	0.0
30142	0.0
19227	0.0
26189	0.0
8784	0.0
33151	0.0
1822	2623.708268414072
29670	0.0
22708	0.0
12265	0.0
5303	0.0
24537	0.0
3651	12.799313412777689
14094	0.0
10613	0.0
170	76537.60836469954
17575	0.0
28018	0.0
31499	0.0
7132	0.0
34980	0.0
21056	0.0
32620	0.0
8253	0.0
1291	84.40459282100063
11734	0.0
29139	0.0
18696	0.0
25658	0.0
4772	0.0
22177	0.0
28844	0.0
7958	0.0
4477	0.0
996	9.916509553122383
11439	0.0
35806	0.0
14920	0.0
18401	0.0
25363	0.0
32325	1.2801307083112705
21882	0.0
19994	0.0
6070	47.15134836151177
2589	0.0
23475	0.0
13032	0.0
16513	0.0
26956	400.75
30437	229.0
33918	0.0
9551	0.0
33210	0.0
19286	50.70799931654439
26248	0.0
29729	0.0
8843	1347.425378531521
5362	0.0
15805	0.0
1881	0.0
12324	0.0
22767	0.0
9787	0.0
34154	0.0
30673	0.0
23711	0.0
27192	0.0
6306	0.0
2825	0.0
20230	0.0
16749	0.0
28431	0.0
4064	229.0
17988	0.0
21469	0.0
7545	0.0
583	1825.283582366965
14507	0.0
24950	0.0
35393	0.0
31912	0.0
32797	0.0
22354	0.0
4949	300.5905111338227
25835	0.0
15392	0.0
29316	227.15421170877124
8430	1714.6510011284704
1468	3233.173099261368
18873	0.0
11911	0.0
33446	0.0
29965	0.0
16041	0.0
9079	243.927900119127
2117	0.0
23003	0.0
19522	0.0
26484	0.0
12560	0.0
19050	0.0
5126	0.0
15569	5.600617816711496
22531	0.0
1645	782.3665688096116
12088	0.0
32974	0.0
8607	0.013888888888888888
26012	0.0
29493	0.0
30496	0.0
23534	64.23790473492868
33977	0.0
27015	0.0
9610	104.82846130513815
20053	0.0
16572	0.0
13091	0.0
2648	0.0
6129	255.10259994895267
19345	0.0
29788	0.0
33269	0.0
26307	0.0
15864	0.0
1940	0.0
8902	0.0
12383	0.0
20171	0.0
9728	0.0
6247	0.0
34095	0.0
27133	0.0
23652	579.0359137581374
16690	0.0
2766	0.0
30614	0.0
10495	0.0
31381	0.0
20938	0.0
17457	0.0
52	0.0
27900	0.0
24419	0.0
3533	3.748089494168874
4123	3281.366676940783
25009	1169.1564382075107
7604	403.99565286307813
642	1.0573201111773796
21528	0.0
31971	0.0
14566	0.0
5067	31.913878260053092
25953	0.0
18991	0.0
32915	0.0
22472	0.0
12029	884.8319841451321
29434	0.0
8548	0.0
29021	0.0
11616	23.2914159168436
15097	0.0
25540	0.0
1173	15.162262828537227
18578	0.0
4654	0.0
8135	0.0
32502	0.0
22059	0.0
26366	0.0
33328	0.0
12442	0.0
5480	0.0
1999	297.7573860460603
8961	0.0
29847	0.5543537223194597
22885	0.0
15923	0.0
19640	0.0
33564	0.0
26602	0.0
2235	0.0
9197	0.0
16159	0.0
12678	2.5761743559117547
30083	0.0
23121	0.0
21292	0.0
35216	0.0
10849	0.0
31735	0.0
3887	1980.8726116600849
14330	0.0
406	0.0
28254	0.0
31794	0.0
35275	0.0
10908	0.0
3946	0.0
14389	0.0
21351	0.0
28313	0.0
465	8.851390503152187
17870	0.0
24832	0.0
7427	0.0
18932	0.0
15451	0.0
25894	0.0
1527	0.0
8489	0.0
5008	0.0
29375	0.0
22413	0.0
11970	0.0
4005	0.0
10967	0.0
35334	0.0
21410	0.0
28372	0.0
524	2061.0
14448	15.24057511973584
7486	1178.016563034019
17929	0.0
24891	0.0
31853	0.0
14153	0.0
7191	400.45137107803816
229	3747.9480016432954
21115	0.0
28077	0.0
35039	0.0
17634	7.3017631404934225
3710	0.0
31558	0.0
10672	0.0
30024	0.0
2176	0.0
23062	8.78342254597574
26543	0.0
12619	0.0
33505	0.0
16100	63.88871839057695
5657	458.0
9138	76.33333333333333
22590	0.0
15628	0.0
8666	0.0
12147	229.0
19109	0.0
26071	0.0
5185	0.0
33033	0.0
1704	0.0
29552	0.0
34449	0.0
13563	0.0
30968	0.0
17044	0.0
3120	117.65047546241007
10082	4.1703658784148
6601	146.3070627071802
20525	0.0
27487	0.0
24006	0.0
20289	0.0
16808	0.0
30732	0.0
23770	0.0
6365	964.1566659417439
13327	534.333333333332
9846	0.0
2884	0.3161706498284652
34213	0.0
21646	0.0
32089	0.0
14684	0.0
11203	0.0
25127	0.0
4241	4849.82860088041
760	0.0
7722	4610.692376179507
7840	0.3793103448275862
21764	0.0
18283	0.0
11321	0.0
28726	0.0
4359	0.0
25245	0.0
35688	0.0
878	8294.025880985413
13386	0.0
23829	6.508647069109976
30791	0.0
6424	0.0
9905	0.0
2943	504.8648072952553
20348	0.0
16867	0.5887762707441608
20820	0.0
17339	0.0
27782	0.0
6896	0.0
13858	0.0
24301	0.0
10377	229.0
3415	321.14190169279715
31263	0.0
9964	0.0
27369	0.0
30850	1.6628012721318013
34331	0.0
6483	0.0
23888	0.0
20407	0.0
16926	0.0
13445	0.0
6719	0.0
24124	228.0
13681	430.96044926172607
27605	0.0
20643	0.0
34567	0.0
31086	0.0
17162	3.43655795199366
3238	1039.8629319764698
10790	0.0
24714	0.0
21233	0.0
31676	0.0
7309	1832.0
28195	0.0
17752	229.05222657167678
347	0.0
3828	0.0
25717	572.5
11793	0.0
15274	0.0
32679	0.0
18755	0.0
4831	0.0
22236	0.0
8312	0.9984101046011093
29198	0.0
1350	0.0
28903	0.0
25422	0.0
8017	0.0
11498	0.0
32384	0.0
1055	10.092930616425988
14979	0.0
4536	0.0
21941	0.0
12855	0.0
23298	0.0
19817	0.0
33741	0.0
5893	0.0
26779	0.0
2412	8.191738425385966
8194	2157.1871872164093
4713	17.202549761780425
15156	0.0
18637	0.0
32561	0.0
29080	0.0
11675	458.6730931965439
22118	0.0
25599	0.0
1232	65.70034059138291
