4702	15.27475724729525
1221	0.0
29069	0.0
11664	0.0
25588	229.0
18626	0.0
8183	0.0
32550	0.0
2401	0.0
5882	1380.779971357752
30249	0.0
33730	120.74475830650736
16325	0.0
12844	0.10869565217391304
9363	0.0
23287	0.0
19806	0.0
1044	0.0
32373	0.0
21930	0.0
8006	0.0
28892	0.0
14968	0.0
11487	0.0
4525	90.40734736992577
35677	0.0
32196	0.0
14791	0.0
21753	0.0
11310	46.32664094640571
4348	0.0
7829	0.0
25234	0.0
28715	687.0
7416	0.0
454	0.0
24821	0.0
21340	0.0
28302	464.6891483379817
31783	0.0
17859	0.0
3935	0.0
35264	0.0
10897	37.39178629588226
9481	0.0
6000	0.0
12962	892.380630451142
33848	0.0
23405	0.0
26886	0.0
30367	0.0
19924	0.0
16443	0.0
631	8402.03257906681
18036	0.0
11074	0.0
31960	0.0
14555	0.0
28479	0.0
4112	0.0
21517	0.0
24998	0.0
7593	331.53494506676805
1693	0.0
29541	0.0
33022	0.0
19098	0.0
8655	0.0
15617	0.0
26060	0.0
5174	0.0
22579	0.0
12136	0.0
34202	0.0
2873	0.0
23759	0.0
9835	0.0
16797	1.161893196787016
6354	0.0
30721	0.0
20278	0.0
27240	1374.0
13316	0.0
18095	0.0
4171	0.0
690	0.0
21576	0.0
28538	0.0
14614	0.0
32019	0.0
25057	0.0
7652	0.0
41	0.0
17446	0.0
27889	0.0
20927	0.0
34851	0.0
24408	0.0
3522	65.72706048669423
13965	4.170494700815299
2696	5985.122869681204
23582	0.0
34025	0.0
9658	0.0
30544	0.0
13139	0.0
16620	0.0
27063	0.0
6177	0.0
22048	0.0
18567	0.0
32491	0.0
1162	0.0
11605	0.0
8124	15.919307626110767
25529	0.0
15086	0.0
4643	40.90385638765704
29010	0.0
12667	687.0
23110	0.0
26591	0.0
9186	0.0
16148	0.0
19629	229.0
33553	0.0
30072	0.0
1811	90.83963846246762
19216	229.0
33140	0.0
8773	0.0
26178	0.0
22697	0.0
5292	46.28429098815707
15735	0.0
12254	0.0
29659	0.0
1103	0.0
11546	0.0
4584	120.01755794532961
8065	0.0
21989	0.0
28951	0.0
18508	0.0
25470	0.0
15027	0.0
8242	0.0
15204	0.0
1280	647.9522643541184
22166	0.0
11723	0.0
32609	0.0
18685	0.0
25647	0.0
34792	0.0
20868	0.0
6944	0.0
13906	461.84293167787393
3463	237.08049511680625
27830	0.0
17387	0.5887762707441608
31311	0.0
24349	0.0
10425	0.0
21635	0.0
35559	0.0
11192	0.8898404863110746
4230	158.62839696973154
749	0.0
28597	0.0
14673	4.66223745197234
18154	62.228747759577075
25116	0.0
7711	0.0
32078	0.0
26355	0.0
8950	0.0
5469	0.0
15912	0.0
12431	0.0
22874	0.0
14437	0.0
31842	0.0
17918	0.0
513	2228.797362193212
28361	0.0
10956	0.0
7475	0.0
3994	166.18834591360752
24880	0.0
21399	0.0
20396	0.0
23877	0.0
16915	0.0
6472	0.0
27358	0.0
13434	0.0
9953	0.08214006259780907
23523	0.0
30485	0.0
27004	0.0
13080	517.3596755749033
2637	1.215264892028304
33966	0.0
16561	0.0
6118	0.0
9599	0.057946130348727753
20042	0.0
19747	0.0
9304	1288.74649233452
12785	0.0
23228	0.0
33671	0.0
2342	0.0
30190	0.0
16266	0.0
7888	0.0
4407	317.4009897220503
25293	0.0
21812	0.0
926	0.0
35736	0.0
11369	0.0
18331	0.0
28774	0.0
14850	0.0
6826	521.4300128649626
27712	0.0
10307	0.0
3345	0.0
17269	0.0
34674	0.0
31193	0.0
13788	0.0
24231	0.0
18921	0.0
1516	0.0
8478	12.789698877911036
11959	0.0
15440	0.0
29364	0.0
4997	113.91275448178774
32845	0.0
25883	0.0
7180	47.52044594434179
21104	0.0
35028	0.0
28066	0.0
218	1602.901321528647
14142	0.0
24585	0.0
3699	0.0
17623	0.0
31547	0.0
10661	0.0
33789	0.0
5941	0.0
30308	0.0
23346	0.0
9422	0.0
2460	0.0
16384	326.3801209109631
19865	0.0
12903	0.0
26827	0.0
15263	0.0
8301	0.0
1339	0.0
11782	0.0
18744	1.0471366461310962
25706	0.0
22225	0.0
6649	0.0
10130	0.0
3168	0.0
13611	0.0
24054	0.0
31016	0.0
27535	0.0
17092	0.0
34497	0.0
16679	0.0
20160	0.0
13198	0.0
2755	547.92118080777
9717	0.0
34084	0.0
23641	0.0
27122	0.0
30603	0.0
6236	0.0
19334	0.0
29777	0.0
5410	0.0
22815	0.0
15853	0.0
26296	0.0
1929	0.0
33258	0.0
8891	0.0
32786	0.0
22343	0.0
11900	0.0
1457	1234.8275880984777
25824	0.0
15381	0.0
29305	0.0
8419	0.0
18862	0.0
14260	0.0
17741	0.0
3817	1.7191950680926384
28184	332.7887654209249
7298	0.0
31665	0.0
24703	0.0
336	0.0
10779	0.0
21222	0.0
34910	0.0
24467	0.0
3581	0.0
10543	31.561576119652642
31429	0.0
20986	0.0
14024	36.963911603639815
17505	0.0
100	1205.9620027296407
27948	0.0
7062	718.0285320959478
6885	0.0
17328	0.0
20809	0.0
31252	0.0
10366	0.3
3404	19.944887266564713
34733	0.0
13847	14.149224921826605
27771	0.0
24290	0.0
34143	0.0
20219	0.0
9776	0.0
30662	0.0
23700	0.0
6295	0.0
2814	2633.799506104209
13257	0.0
16738	0.0
27181	0.0
34438	0.0
13552	0.0
27476	0.0
3109	0.0
30957	0.0
17033	0.0
6590	0.0
20514	0.0
10071	0.0
23995	0.0
29600	0.0
15676	0.0
5233	0.0
26119	0.0
33081	0.0
12195	0.0
22638	0.0
8714	0.0
18803	0.0
22284	0.0
11841	0.0
32727	687.0
1398	0.0
4879	1074.9163850150271
29246	0.0
15322	0.0
25765	0.0
8360	0.0
20632	0.0
13670	24.52905363442381
34556	0.0
17151	0.0
6708	0.0
3227	0.0
24113	0.0
31075	0.0
10189	676.772972669488
32904	0.0
22461	0.0
15499	340.1387916087417
5056	0.0
18980	155.21885900741464
29423	0.0
8537	0.0
25942	0.0
12018	687.0
1575	93.21714737422775
16030	0.0
22992	0.0
12549	0.0
5587	46.28429098815707
9068	0.0
33435	0.0
19511	0.0
29954	0.0
26473	0.0
2106	0.0
23818	0.0
27299	229.0
20337	0.0
30780	0.0
13375	0.0
9894	0.0
6413	0.0
34261	0.0
2932	99.79889869080448
16856	0.0
23936	0.0
20455	4.716353407127401
13493	3670.4953801805264
6531	0.0
30898	0.0
10012	0.0
16974	0.0
27417	0.0
34379	0.0
15794	0.0
5351	0.0
33199	0.0
19275	0.0
12313	0.0
29718	0.0
8832	0.0
26237	0.0
1870	0.0
30131	0.0
16207	0.0
26650	0.0
5764	0.0
19688	0.0
9245	66.38370591835651
33612	0.0
12726	12.841236648901685
2283	347.207624445731
23169	0.0
19983	0.0
16502	0.0
23464	0.0
26945	0.0
30426	0.0
6059	4008.082331702702
13021	171.5626129696492
33907	1140.0
2578	0.0
9540	229.0
28833	0.0
35795	0.0
25352	0.0
21871	0.0
32314	0.0
14909	0.0
11428	154.85751362953616
985	955.4266477003858
7947	76.33333333333333
4466	0.0
5115	71.2806094632325
15558	0.0
29482	955.5683779538015
22520	0.0
32963	0.0
1634	0.0
26001	0.0
19039	0.0
12077	0.0
5646	0.0
33494	0.0
23051	27.49172058979021
19570	0.0
16089	0.0
9127	952.2066508563582
2165	2061.0
30013	0.0
17210	0.0
10248	0.0
13729	229.0
27653	0.0
31134	0.0
20691	0.0
24172	0.0
34615	0.0
6767	0.0
3286	0.0
35618	0.0
18213	0.0
7770	0.0
32137	0.0
25175	0.0
808	19.61977962099018
21694	0.0
14732	0.0
4289	0.0
21281	0.0
17800	0.0
10838	0.0
31724	0.0
28243	0.0
395	0.0
3876	0.0
24762	0.0
7357	0.0
35205	0.0
19452	0.0
12490	0.0
5528	0.0
26414	0.0
33376	0.0
15971	0.0
29895	0.0
22933	0.0
9009	0.0
2047	0.0
24644	0.0
10720	0.0
17682	0.0
21163	0.0
3758	1239.0800805919837
35087	0.0
28125	0.0
7239	250.65784983088648
277	114587.82692583802
7534	0.0
14496	0.0
35382	0.0
24939	0.0
4053	0.0
21458	0.0
31901	0.0
28420	0.0
572	1603.0
11015	0.0
7121	1311.3177052714034
17564	0.0
21045	0.0
24526	0.0
14083	0.0
3640	0.0
28007	0.0
31488	0.0
10602	0.0
159	0.0
