27185	0.0
2818	509.7117879683734
30666	4.387475283790887
13261	0.0
16742	0.0
20223	0.0
34147	0.0
9780	117.14758782485194
1461	374.9599657643119
25828	0.0
8423	0.0
11904	0.0
32790	0.0
29309	229.0
18866	916.0
22347	0.0
4942	0.0
281	835.2947797583392
31610	0.0
21167	0.0
28129	4.223905219493455
24648	0.0
7243	171.75
3762	0.0
10724	266.5890201163169
31315	0.0
3467	254.58694535929322
17391	0.0
10429	0.0
27834	0.0
13910	0.0
34796	0.0
6948	0.0
24353	0.0
20872	0.0
10193	0.0
20636	0.0
3231	431.7414305613577
24117	0.0
13674	0.0
6712	0.0
34560	0.0
17155	0.39215686274509803
3113	0.0
30961	0.0
20518	0.0
13556	0.0
34442	0.0
23999	0.0
17037	0.0
10075	0.4948831509264641
25179	0.0
35622	0.0
11255	0.0
28660	0.0
4293	0.0
14736	0.0
18217	0.0
21698	0.0
7774	7.885135055903582
21226	0.0
340	650.509769554137
31669	0.0
35150	0.0
10783	0.0
24707	0.0
17745	0.0
3821	0.0
14264	0.0
7302	4207.866894977571
28188	1603.0
22819	0.0
1933	515.6013973019739
8895	229.0
26300	229.0
33262	0.0
15857	0.0
5414	15.722005021013231
12376	0.0
29781	0.0
19338	0.0
27362	0.0
23881	0.0
30843	0.0
20400	0.0
2995	368.8000933185571
13438	0.0
34324	0.0
16919	0.5887762707441608
19397	0.0
1992	0.0
12435	85.05374454878918
8954	0.0
26359	0.0
33321	458.0
15916	0.0
29840	0.0
5473	0.0
22878	0.0
5768	0.0
19692	0.0
16211	96.50043436922563
23173	0.0
33616	0.0
12730	0.0
30135	0.0
9249	15.447981855629722
26654	0.0
28837	0.0
14913	0.0
32318	459.2801307083112
7951	0.0
25356	0.0
4470	0.0
989	3.020507311369039
21875	0.0
35799	0.0
18394	0.0
12317	0.0
8836	0.0
5355	0.0
22760	0.0
19279	0.0
33203	0.0
1874	0.0
29722	0.0
26241	0.0
30017	0.0
2169	0.0
5650	0.0
9131	0.0
12612	0.0
19574	0.0
26536	0.0
33498	0.0
23055	0.0
31492	0.0
3644	0.0
34973	0.0
28011	0.0
163	0.0
7125	0.0
14087	0.0
10606	0.0
21049	0.0
21462	0.0
14500	45.56107553902029
7538	0.0
28424	0.0
576	0.0
35386	229.0
17981	0.0
11019	0.0
24943	0.0
4057	474.64762991491364
29486	15.631725221983638
15562	0.0
1638	246.8842265484246
26005	0.0
19043	0.0
5119	73.58115659141973
12081	0.0
22524	0.0
32967	0.0
26595	0.0
16152	0.0
2228	9.700079816849419
30076	0.0
23114	0.0
33557	1.5587804739120528
12671	439.7382577590517
19633	0.0
9190	0.0
8364	0.0
25769	0.0
29250	0.25
22288	0.0
1402	0.0
4883	0.0
15326	0.0
11845	2.944483800869326
32731	0.0
17214	0.0
20695	0.0
3290	307.32632786237104
13733	0.0
24176	26.836098540870946
27657	0.0
10252	0.0
6771	3399.6582082682357
30902	0.0
27421	10.455585247543096
23940	0.0
34383	0.0
16978	0.0
10016	0.0
6535	0.0
20459	0.0
13497	0.0
33911	0.0
6063	0.0
16506	0.0
23468	0.0
2582	0.0
19987	0.0
13025	169.8029614309272
30430	0.0
26949	458.0
27539	0.0
10134	629.5742918015555
20577	0.0
17096	0.0
3172	0.0
6653	229.0
31020	0.0
24058	0.0
34501	0.0
13615	237.68763449872392
23822	3.1145102825717808
34265	229.0
9898	0.0
16860	24.286168806234162
6417	0.0
2936	279.851387432762
30784	0.0
20341	0.8196905469961837
13379	0.0
20931	0.0
3526	0.0
45	243.4579483817848
7007	0.0
27893	0.0
17450	0.0
10488	0.0
13969	0.0
32082	229.0
35563	0.0
7715	0.0
25120	0.0
753	0.0
11196	0.0
21639	0.0
28601	0.0
4234	754.4459660611569
18158	0.0
14677	0.0
11491	0.0
28896	0.0
4529	0.0
14972	0.0
8010	0.0
32377	0.0
21934	0.0
1048	0.0
25592	0.0
11668	343.5
8187	455.9624685415928
18630	0.0
29073	0.0
4706	21.525978411873243
32554	0.0
1225	23371.508426899727
14618	0.0
35504	0.0
21580	0.0
11137	0.0
18099	0.0
25061	0.0
4175	849.7810868460406
28542	0.0
694	127.44541287383211
7656	458.0
32023	0.0
7361	58.09838907625682
14323	0.0
35209	0.0
3880	108.02773987896312
24766	0.0
399	12119.848230738851
17804	0.0
21285	0.0
10842	0.0
28247	0.0
22170	0.0
25651	0.0
4765	0.0
29132	0.0
8246	0.0
32613	0.0
15208	0.0
11727	0.0
28955	0.0
21993	0.0
15031	0.0
8069	0.0
11550	0.0
1107	0.0
4588	0.0
25474	0.0
32436	0.0
4116	4981.126654488833
35445	0.0
7597	0.0
28483	0.0
18040	0.0
635	0.0
25002	0.0
14559	0.0
21521	0.0
5591	0.0
16034	0.0
19515	0.0
26477	0.0
9072	0.0
12553	0.0
22996	0.0
2110	2.3893683729757016
22583	0.0
19102	0.0
15621	0.0
12140	0.0
8659	0.0
26064	0.0
29545	0.0
1697	0.0
33026	0.0
5178	0.0
32259	0.0
35740	0.0
28778	458.27536231884056
11373	916.0
25297	0.0
18335	0.0
21816	0.0
4411	129.21645671260686
14854	0.0
13792	0.0
31197	0.0
24235	309.32243797542753
34678	0.0
20754	0.0
27716	0.0
10311	0.0
6830	106.9033122127327
3349	0.0
17273	556.5166872394836
21403	0.0
7479	4596.884867295028
24884	0.0
31846	0.0
10960	0.0
14441	0.0
3998	687.0
17922	0.0
35327	863.749287782141
517	0.0
29899	0.0
12494	0.0
9013	0.0
26418	0.0
2051	0.0
5532	0.0
22937	0.0
34737	0.0
6889	0.0
24294	0.0
27775	0.0
3408	2565.931729609486
20813	0.0
10370	0.0
31256	0.0
10665	73.18351924391712
17627	0.0
7184	0.0
31551	0.0
35032	0.0
21108	0.0
3703	0.0
14146	0.0
222	0.0
28070	0.0
5237	0.0
33085	0.0
8718	0.0
19161	0.0
26123	0.0
29604	0.0
22642	0.0
15680	0.0
1756	0.0
12199	0.0
11314	0.0
32200	0.0
25238	0.0
7833	5.2871314977197335
4352	430.3440663751542
28719	0.0
35681	0.0
21757	0.0
871	0.0
8541	0.0
22465	0.0
12022	0.0
32908	0.0
25946	0.0
5060	0.0
18984	0.0
1579	11661.6849261635
15503	0.0
5001	683.2755419748263
29368	0.0
11963	0.0
25887	0.0
18925	0.0
15444	0.0
22406	0.0
8482	0.0
1520	458.0140015943421
27952	0.0
14028	0.0
3585	0.0
17509	0.0
7066	0.0
24471	0.0
10547	12915.918502565966
31433	0.0
104	4.81387357548915
20990	0.0
30607	0.0
27126	0.0
16683	0.0
34088	0.0
20164	0.0
6240	0.0
9721	0.0
23645	1.0876613161660131
2759	51.61532975834602
16388	7.003536933749005
30312	0.0
12907	141.36210475976566
5945	0.0
9426	0.0
33793	0.0
19869	0.0
23350	0.0
8128	0.0
25533	0.0
29014	0.0
4647	229.0
18571	0.0
22052	0.0
32495	0.0
15090	70.45215299055415
1166	0.0
15739	0.0
5296	0.0
26182	0.0
19220	0.0
29663	0.0
33144	0.0
22701	0.0
12258	196.27607272032054
1815	0.0
8777	0.0
23763	0.0
6358	0.0
20282	0.0
30725	0.0
16801	0.0
2877	341.6623999562002
27244	0.0
34206	0.0
13320	0.0
16624	0.0
6181	0.0
23586	0.0
9662	2.099515488505452
30548	0.0
20105	0.0
27067	0.0
2700	0.0
34029	0.0
9603	0.0
33970	38.48853400497295
30489	0.0
20046	0.0
6122	0.0
2641	0.0
13084	0.0
16270	0.0
5827	0.0
9308	1205.6463713122132
19751	0.0
26713	0.0
23232	0.0
12789	0.0
2346	0.0
33675	0.0
30371	229.0
16447	0.0
19928	0.0
26890	0.0
9485	0.0
23409	0.0
12966	0.0
6004	0.0
33852	0.0
2523	277.8560067799156
9367	0.0
19810	0.0
5886	229.0
12848	0.0
23291	0.0
16329	0.0
33734	0.0
26772	1.306563876338965
30253	0.11864406779661017
2405	0.0
8305	0.0
15267	0.0
22229	0.0
18748	0.0
4824	0.0
32672	0.0
11786	62.35417683911444
29191	0.0
25710	0.0
1343	0.0
24825	0.0
3939	512.6347620479447
35268	0.0
17863	0.0
7420	968.6938233150028
21344	0.0
14382	0.0
28306	0.0
458	0.0
