13529	0.0
3086	0.0
30934	0.0
34415	0.0
10048	0.0
6567	0.0
20491	0.0
23972	76.33333333333333
17010	0.0
1139	0.0
8101	0.0
11582	934.3069776902519
25506	0.0
4620	0.0
32468	0.0
15063	0.0
28987	0.0
18544	0.0
22025	0.0
34710	0.0
3381	0.0
27748	0.0
20786	0.0
24267	0.0
17305	0.0
31229	0.0
10343	0.0
6862	0.0
27689	0.0
3322	0.0
34651	0.0
24208	0.0
31170	0.0
20727	0.0
6803	0.0
17246	0.0
13765	18.14717742793316
10284	0.0
22556	151.72362656593765
12113	0.0
1670	0.0
5151	137.44539646865087
26037	0.0
15594	369.24815095419734
8632	0.0
32999	0.0
29518	0.0
19075	687.0
18780	3.101564486379605
32704	0.0
11818	1676.1704317623735
8337	0.0
1375	4974.6309370812005
15299	6.520369850918563
22261	0.0
29223	0.0
25742	0.0
4856	0.0
13647	0.0
31052	0.0
3204	67.94021391401488
6685	0.0
24090	0.0
27571	0.0
10166	907.0127720039053
34533	0.0
20609	0.0
17128	694.0686713674999
17836	0.0
431	0.0
14355	0.0
21317	0.0
31760	0.0
35241	0.0
10874	0.0
28279	0.0
3912	4.931423431537848
7393	0.0
136	604.0563738965
3617	0.0
7098	0.0
14060	0.0
31465	0.0
17541	0.0
21022	0.0
24503	0.0
27984	0.0
34946	0.0
10579	0.9947484866936238
7924	458.0
962	581.688963640785
28810	0.0
25329	0.0
11405	0.0
4443	0.0
18367	0.0
21848	0.0
14886	0.0
35772	0.0
32291	0.0
2614	0.0
16538	0.7279687938425421
26981	0.0
23500	0.0
30462	0.0
6095	0.1013455820352372
20019	201.55388019790422
9576	0.0
33943	0.0
13057	0.0
8278	0.0
1316	234.38115608272795
29164	0.0
4797	0.0
11759	0.0
15240	0.0
32645	0.0
22202	0.0
25683	229.14444444444445
5446	0.0
29813	0.0
19370	0.0
22851	0.0
26332	0.0
1965	0.0
33294	0.0
15889	0.0
8927	0.0
29990	229.0
2142	0.0
5623	0.0
12585	0.0
23028	0.0
19547	0.0
9104	229.0
16066	0.0
26509	0.0
33471	0.0
15181	0.0
1257	2726.3953661299015
22143	0.0
25624	0.0
8219	0.0
11700	114.5
32586	0.0
18662	0.0
29105	0.0
26686	0.0
30167	0.0
9281	0.0
2319	0.0
33648	3.455731979336768
19724	0.0
12762	0.0
5800	0.0
23205	0.0
16243	0.4975519904931669
313	0.0
24680	0.0
7275	0.0
17718	0.0
28161	229.0
10756	0.0
35123	0.0
31642	0.0
3794	103.84090276966306
21199	0.0
10107	0.0
34474	0.0
17069	0.0
3145	261.2249423326029
13588	0.0
27512	0.0
24031	0.0
27099	0.0
2732	0.0
9694	1.6106411686824058
23618	744.8712797492416
13175	0.0
16656	0.0
30580	0.0
6213	0.0
34061	0.0
28102	0.0
31583	0.0
17659	0.0
254	0.0
14178	1145.7974385170069
3735	0.0
7216	44.825790083053306
10697	14.906180146441692
21140	0.0
35064	0.0
13470	0.0
16951	9.296237899225998
30875	0.0
9989	0.0
27394	0.0
3027	1.5279519489647104
23913	0.0
6508	343.69522278081064
34356	0.0
20432	0.0
23559	0.0
9635	0.0
2673	3188.951525905749
13116	0.0
27040	0.0
34002	0.0
6154	0.0
30521	0.0
16597	0.0
20078	0.0
2496	0.0
5977	748.0316245945398
30344	0.0
23382	0.0
19901	0.0
26863	2.7581992830185977
33825	0.0
16420	0.0
12939	733.7231458720343
1198	152753.18910387845
29046	0.0
22084	0.0
18603	0.0
32527	0.0
4679	1136.8149623682057
8160	3959.9379811724375
25565	687.0
10992	0.0
4030	0.0
7511	0.0
549	0.0
17954	0.0
31878	0.0
21435	0.0
24916	0.0
28397	0.0
14473	0.0
8986	0.0
29872	0.0
26391	0.0
2024	0.0
15948	0.0
22910	0.0
33353	0.0
12467	0.0
12290	0.0
33176	0.0
8809	0.0
15771	0.0
1847	0.0
26214	0.0
19252	255.92335793149422
5328	0.0
29695	0.0
29459	0.0
1611	151.71528785496372
12054	706.2493967765972
5092	0.0
15535	0.0
8573	0.0
32940	0.0
25978	0.0
19016	0.1
34828	0.0
13942	0.0
18	21.75561288697956
20904	0.0
17423	0.0
3499	0.0
24385	0.0
31347	0.0
27866	0.0
11169	0.0
25093	0.0
7688	0.0
4207	0.0
32055	0.0
726	6095.233660741142
35536	0.0
14650	0.0
18131	0.0
28574	0.0
21612	0.0
9517	0.0
33884	0.0
2555	0.0
19960	0.0
12998	0.0
30403	0.0
6036	0.7583850931677019
23441	2360.04995516098
16479	0.0
19783	0.0
30226	0.0
23264	0.0
33707	0.0
2378	0.0
26745	0.0
12821	0.0
16302	0.0
5859	0.0
9340	0.0
11287	0.0
18249	0.0
28692	2.865751484839319
844	47.368098956620344
32173	0.0
7806	0.0
25211	0.0
21730	0.0
35654	0.0
4325	20.136968458093303
14768	0.0
32822	0.0
8455	0.0
25860	0.0
18898	0.0
4974	0.0
22379	0.0
1493	0.0
29341	0.0
11936	0.0
15417	286.43875213493766
30816	0.0
16892	0.0
2968	78.10988975611474
27335	0.0
23854	0.0
20373	0.0
9930	0.0
34297	0.0
6449	0.0
24149	0.0
17187	0.0
6744	3109.7512398283657
20668	0.0
31111	0.0
10225	0.0
34592	0.0
3263	0.0
27630	0.0
33766	0.0
30285	0.0
12880	0.0
23323	0.0
5918	459.66016163455606
2437	11854.072841890465
9399	0.0
16361	0.0
22438	0.0
5033	0.0
29400	0.0
25919	12.113752101224385
1552	0.0
8514	0.0
32881	0.0
15476	0.0
11995	0.0
11877	0.0
18839	0.0
22320	0.0
25801	0.0
32763	0.0
8396	0.0
1434	3879.374679321948
15358	0.0
29282	0.0
24739	0.0
21258	0.0
7334	606.388500358497
31701	0.0
3853	928.9646666819442
372	0.0
35182	0.0
17777	0.5887762707441608
7452	0.0
28338	0.0
31819	0.0
14414	205.13308848466056
21376	0.0
24857	0.0
490	0.0
17895	0.0
10933	95.33672364240634
35300	0.0
3971	0.0
26155	0.0
8750	0.0
29636	0.0
12231	0.0
33117	0.0
19193	0.0
1788	0.0
15712	0.0
5269	0.0
15004	0.0
8042	0.0
32409	0.0
28928	0.0
25447	0.0
1080	0.0
18485	0.0
4561	0.0
11523	0.0
9222	0.0
30108	0.0
26627	0.0
2260	0.0
16184	0.0
5741	0.0
23146	0.0
12703	0.0
33589	0.0
19665	0.0
20255	0.0
30698	0.0
34179	0.0
16774	0.0
2850	0.0
23736	0.0
13293	0.0
6331	0.0
9812	0.0
16125	0.0
33530	0.0
30049	0.0
26568	0.0
9163	234.36039209436163
12644	0.0
5682	0.0
23087	0.0
20314	0.0
23795	0.0
9871	0.0
6390	16.97521095448366
2909	0.0
13352	259.21224356517604
27276	0.0
16833	0.0
34238	229.0
10402	0.0
24326	0.0
20845	0.0
31288	1145.0
17364	0.0
27807	0.0
6921	0.20018255578093305
13883	0.0
8868	0.0
26273	0.0
5387	0.0
12349	0.0
19311	0.0
1906	0.0
29754	0.0
33235	0.0
15830	0.0
21789	0.0
32232	0.0
4384	1536.3380410426607
14827	0.0
28751	297.00602504940554
11346	0.0
35713	0.0
903	0.0
7865	229.0
33412	0.0
26450	0.0
5564	0.0
29931	0.0
16007	0.0
22969	0.0
9045	0.0
2083	3866.1735323574057
14119	0.0
28043	0.0
7157	0.0
3676	0.0
21081	0.0
10638	0.0
24562	0.0
17600	0.0
35005	0.0
31524	0.0
195	0.0
25388	0.0
28869	0.1800283367604959
32350	0.0
4502	0.0
18426	0.0
14945	0.0
21907	0.0
11464	230.84929734425816
1021	0.0
7983	0.0
5210	0.0
15653	0.0
8691	0.0
26096	0.0
33058	0.0
12172	0.0
22615	0.0
29577	0.0
1729	826.7822624348577
27158	0.0
9753	0.0
30639	0.0
23677	0.0
20196	0.0
34120	0.0
2791	0.0
13234	0.0
6272	0.0
16715	0.0
18013	0.0
4089	25897.354822557852
28456	0.0
14532	0.0
35418	0.0
24975	0.0
21494	0.0
11051	0.0
31937	0.0
608	0.0
7570	0.0
14001	0.0
7039	0.0
3558	0.0
24444	0.0
17482	0.5887762707441608
27925	0.0
20963	0.0
10520	0.0
31406	0.0
77	0.0
18190	0.0
21671	0.0
28633	0.0
32114	0.0
4266	80.30839658970402
25152	114.5
14709	0.0
7747	0.0
35595	0.0
785	0.0
25034	0.0
11110	0.9216534088448471
18072	0.0
21553	0.0
31996	0.0
14591	0.0
4148	4088.4936629126914
28515	0.0
667	99.69982274946865
