3328	6.139339244781284
13771	0.0
34657	0.0
24214	0.0
17252	0.0
31176	0.0
10290	2.88257368311008
20733	0.0
27695	0.0
11116	0.0
673	0.0
21559	0.0
7635	458.64606107570853
25040	0.0
28521	0.0
14597	0.0
4154	0.0
32002	0.0
19258	0.0
22739	0.0
1853	0.0
26220	0.0
5334	0.0
33182	0.0
12296	0.0
15777	0.0
8815	0.0
7045	289.6284765665165
83	0.0
17488	1.0777348463440202
10526	37064.94959145392
27931	0.0
3564	102.74830641860527
14007	0.0
31412	0.0
20969	0.0
24450	229.0
19140	21.512068008499703
5216	0.0
8697	0.0
29583	0.0
15659	0.0
26102	0.0
22621	0.0
12178	0.0
33064	0.0
19553	0.0
2148	138.84963351585756
26515	0.0
29996	0.0
23034	0.0
5629	0.0
33477	0.0
16072	1470.407182417522
9110	0.0
18196	0.0
21677	0.0
14715	0.0
35601	4.184462052370035
791	0.0
11234	0.0
28639	0.0
7753	0.0
4272	989.8630879790337
32120	0.0
25158	0.0
3151	0.0
17075	0.0
27518	0.0
6632	0.0
30999	0.0
20556	0.0
34480	0.0
24037	0.0
13594	0.0
25394	0.0
1027	0.0
18432	0.0
14951	0.0
4508	0.0
28875	0.0
7989	0.0
32356	0.0
11470	0.0
21913	0.0
1204	0.0
25571	0.0
29052	0.0
18609	0.0
11647	0.0
22090	0.0
4685	0.0
6927	0.0
3446	3461.430957140791
34775	0.0
27813	0.0
13889	0.0
31294	0.0
20851	0.0
10408	0.0
17370	0.0
2266	0.0
9228	0.0
12709	0.0
33595	0.0
26633	0.0
23152	0.0
5747	0.0
16190	0.0
30114	458.0
19671	0.0
28108	0.0
31589	0.0
14184	0.0
21146	0.0
7222	897.438199060212
3741	380.9641697414978
35070	0.0
17665	0.0
24627	0.0
19907	0.0
2502	4032.9462722573344
26869	0.0
5983	18.80266325316543
9464	0.0
12945	0.0
23388	0.0
30350	0.0
16426	29.76413328611214
3269	0.0
20674	0.0
10231	0.0
24155	0.0
6750	93.356801434331
17193	0.0
34598	0.0
31117	0.0
27636	0.0
13712	0.0
1263	70094.61337925521
15187	0.0
4744	20.09218781681979
11706	0.0
8225	0.0
22149	217.6459230949672
32592	0.0
25630	0.0
18668	0.0
28757	0.0
909	5.3228492989886265
35719	0.0
21795	0.0
11352	33.01227874815244
14833	0.0
18314	0.0
4390	0.0
32238	0.0
23329	0.0
26810	0.0
5924	53.558112860626075
2443	0.0
19848	0.0
33772	0.0
9405	0.0
16367	0.0
12886	0.0
30291	0.0
34067	0.0
30586	0.0
2738	13.37926191756353
20143	0.0
13181	0.0
6219	0.0
9700	254.84850229501293
16662	0.0
27105	0.0
11529	5.615888908104724
8048	0.0
25453	409.4672546261837
1086	0.0
4567	0.0
28934	0.0
21972	0.0
15010	0.0
18491	0.0
10821	0.0
3859	106.83668159372287
35188	1.66068574388931
378	0.0
7340	0.0
17783	0.0
24745	0.0
28226	0.0
21264	0.0
31707	0.0
27400	0.0
20438	0.0
9995	0.0
16957	0.0
3033	0.0
6514	0.0
34362	0.0
30881	0.0
23919	0.0
34303	0.0
13417	0.0
16898	3.7155939330523173
30822	0.0
2974	24.89057199022492
20379	0.0
6455	13.258034784406643
9936	0.0
23860	2333.059287898344
24922	0.0
7517	0.0
555	89.57329289360032
4036	728.9671108785719
14479	0.0
10998	0.0
21441	0.0
35365	0.0
26692	0.0
16249	0.0
19730	0.0
2325	0.0
9287	0.0
30173	0.0
12768	229.0
5806	0.0
33654	2.6982176573177585
23211	0.0
9051	0.0
12532	0.0
26456	0.0
2089	0.0
16013	0.0
5570	0.0
29937	0.0
33418	0.0
19494	0.0
3623	1270.5552381734967
10585	0.0
14066	0.0
27990	0.0
17547	0.0
21028	0.0
7104	0.0
24509	0.0
34952	0.0
19966	0.0
9523	0.0
16485	0.0
23447	0.0
26928	0.0
30409	0.0
6042	0.0
33890	0.0
5511	0.0
22916	0.0
33359	0.0
8992	0.0
26397	0.0
2030	325.5973773292508
19435	0.0
15954	625.8324742367168
12473	0.0
29878	0.0
10939	0.0
35306	0.0
496	523.9127467747186
21382	0.0
7458	0.0
31825	0.0
3977	1145.0
24863	0.0
14420	0.0
17901	0.0
13240	0.0
9759	35.41424972102368
16721	456.0
30645	0.0
2797	443.0181843903347
23683	0.0
27164	0.0
6278	589.8427459577241
20202	0.0
34126	0.0
31530	0.0
14125	0.0
28049	0.0
201	0.0
17606	0.0
21087	0.0
7163	0.0
3682	4027.271145063326
24568	0.0
35011	0.0
10644	1.9883876500162856
15718	0.0
29642	0.0
8756	0.0
33123	0.0
1794	0.0
12237	0.0
22680	0.0
26161	0.0
19199	0.0
5275	0.0
33005	0.0
26043	0.0
8638	0.0
5157	0.0
1676	2436.9708701392606
15600	0.0
22562	0.0
12119	0.0
18904	0.0
15423	0.0
25866	0.0
22385	0.0
8461	135.0235496318928
1499	0.0
29347	0.11514100656587356
11942	0.0
4980	0.0
30468	0.0
23506	0.0
9582	0.0
26987	0.0
16544	0.0
6101	19.055964057318267
20025	13.674320574954395
13063	0.0
2620	0.0
33949	0.0
19612	0.0
12650	1603.1563238163706
33536	0.0
30055	229.0
9169	0.0
5688	0.0
26574	0.0
2207	3939.089994834142
16131	0.0
26338	0.0
29819	0.0
12414	0.0
1971	399.0760897218574
5452	0.0
33300	0.0
15895	0.0
19376	0.0
8933	10.904761904761875
32887	0.0
5039	27.1989230944843
15482	0.0
22444	0.0
1558	6259.738831769058
25925	229.0
12001	115.25753216487023
18963	0.0
8520	0.0
11883	382.351835037985
25807	0.0
32769	0.0
29288	0.0
4921	0.0
8402	0.0
1440	0.0
15364	0.0
22798	0.0
15836	0.0
12355	0.0
26279	0.0
33241	0.0
5393	0.0
29760	0.0
1912	0.0
8874	0.0
19317	0.0
14656	0.0
4213	262.8892826116452
25099	0.0
11175	230.91384887862228
28580	0.0
732	0.0
21618	0.0
32061	0.0
18137	0.0
9877	0.0
6396	0.0
13358	0.0
27282	0.0
2915	0.0
16839	4.011856482760738
30763	0.0
34244	0.0
20320	0.0
12060	0.0
8579	0.0
25984	0.0
19022	0.0
5098	0.0
1617	0.0
32946	0.0
15541	0.0
29465	0.0
13122	0.0
34008	0.0
27046	0.0
6160	0.0
9641	0.0
30527	0.0
20084	0.0
2679	2194.913095934741
23565	0.0
16603	0.0
30940	0.0
10054	4.31002003595041
6573	0.0
20497	0.0
34421	0.0
23978	0.0
17016	0.0
3092	0.0
13535	0.0
21736	0.0
7812	0.0
4331	0.0
35660	0.9693285437966289
18255	0.0
25217	0.0
850	0.0
11293	0.0
14774	0.0
28698	0.0
28816	1120.1755142416278
11411	0.0
25335	41.76815145763147
35778	0.0
7930	0.0
18373	0.0
32297	0.0
968	0.0
4449	896.1688073422282
21854	0.0
14892	539.4480315190938
17724	0.0
35129	0.0
31648	0.0
14243	0.0
10762	0.35386175998320146
7281	0.24986207548618414
21205	0.0
3800	683.9838868962269
319	0.0
28167	0.0
18550	0.0
8107	0.0
11588	0.0
32474	0.0
22031	0.0
28993	0.0
25512	0.0
15069	0.0
1145	0.0
20910	0.0
31353	0.0
24391	8.549223180063978
10467	0.0
27872	0.0
3505	66003.15443220442
24	0.0
17429	0.5887762707441608
13948	0.0
34834	0.0
23742	1.0876613161660131
9818	0.0
20261	0.0
16780	0.0
13299	0.0
30704	0.0
34185	0.0
6337	44.61758250923763
2856	0.0
27223	0.0
4862	0.0
25748	0.0
29229	0.0
15305	0.0
18786	0.0
11824	0.0
32710	0.0
22267	0.0
1381	0.0
8343	57.862343997543825
4095	266.9950203446346
24981	0.0
31943	0.0
21500	0.0
14538	0.0
35424	687.0
614	0.0
7576	0.0
17134	0.0
10172	0.0
20615	0.0
6691	0.0
27577	0.0
24096	0.0
31058	0.0
3210	0.1133777239709443
12827	0.0
9346	0.0
33713	0.0
16308	0.0
19789	0.0
5865	232.4357917054592
26751	0.0
23270	0.0
2384	0.0
30232	0.0
25689	0.0
18727	0.0
4803	0.0
8284	0.0
29170	0.0
11765	0.0
1322	0.0
32651	0.0
15246	0.0
10349	75.71653928519859
24273	0.0
20792	0.0
27754	0.0
6868	146.7363749947094
13830	0.7449403418911541
17311	0.0
34716	0.0
31235	0.0
3387	0.0
10880	0.0
35247	0.0
28285	0.0
7399	0.0
21323	0.0
17842	0.0
31766	0.0
3918	0.9453787935995339
14361	0.0
24804	0.0
437	41.5665914837846
