12005	0.0
22448	0.0
25929	0.0
1562	0.0
18967	0.0
8524	0.0
32891	0.0
5043	0.0
15486	0.0
29410	0.0
1916	41056.03170669121
22802	0.0
19321	0.0
26283	687.0
8878	0.0
15840	0.0
33245	0.0
5397	0.0
29764	0.0
12359	0.0
19026	0.0
1621	64.90591456537705
29469	0.0
8583	0.0
15545	0.0
12064	0.0
25988	0.0
5102	0.0
14247	0.0
24690	0.0
323	0.0
28171	0.0
17728	0.5887762707441608
7285	0.0
3804	1359.1424068031133
31652	0.0
35133	0.0
21209	0.0
10766	0.0
9409	0.0
16371	0.0
19852	1809.9169264177647
12890	0.0
5928	12.888620621651565
23333	0.0
26814	0.0
33776	0.0
30295	0.0
35428	0.0
18023	0.0
618	0.0
21504	0.0
14542	0.0
24985	0.1535016859042833
4099	42.01394249429692
31947	0.0
11061	0.0
7580	0.0
4925	0.0
1444	0.0
15368	0.0
11887	0.0
18849	0.0
32773	0.0
22330	0.0
8406	0.0
29292	229.0
25811	0.0
17197	0.0
3273	0.0
34602	0.0
20678	0.0
27640	0.0
6754	0.0
24159	0.0
31121	0.0
1149	0.0
11592	0.0
8111	1374.0
18554	0.0
32478	0.0
4630	1082.270457432836
15073	0.0
28997	0.0
22035	0.0
25516	0.0
33304	0.0
1975	2198.9351987163054
8937	0.0
29823	0.0
15899	0.0
19380	16.193236324108085
12418	476.6473158923048
5456	0.0
22861	0.0
26342	0.0
17433	0.0
28	17311.925225467887
27876	0.0
20914	0.0
13952	0.0
31357	0.0
24395	0.0
34838	0.0
6990	102.95814450545267
10471	0.0
29587	0.0
26106	0.0
1739	588.8005421332172
5220	0.0
33068	0.0
19144	0.38822322425343603
22625	0.0
15663	0.0
8701	0.0
25870	0.0
11946	0.0
1503	0.0
32832	0.0
29351	0.0
15427	0.0
8465	0.0
22094	0.0
1208	652.1696691475785
8170	0.0
32537	0.0
18613	0.0
25575	0.0
11651	0.0
29056	233.55780615405146
15132	0.0
4689	0.0
6872	0.0
10353	0.0
24277	0.0
17315	0.0
31239	0.0
3391	0.06139122315592903
34720	0.0
27758	0.0
13834	0.0
20796	0.0
8347	45.99321355131953
4866	0.0
11828	0.0
18790	0.0
32714	0.0
1385	8863.8932880723
25752	0.0
22271	0.0
29233	0.0
14896	0.0
21858	0.0
25339	0.0
972	740.4740546002838
7934	2290.0
32301	0.0
28820	0.0
4453	0.0
35782	0.0
32596	0.0
1267	0.0
18672	0.0
15191	0.0
25634	0.0
4748	0.0
29115	0.0
22153	0.0
16430	0.0
5987	8238.979735980463
33835	0.0
2506	0.0
30354	0.0
9468	76.33333333333333
12949	0.0
19911	0.0
23392	0.0
26873	0.0
24100	0.0
13657	6.9810470956561
10176	0.0
17138	0.0
3214	728.0471499963082
20619	0.0
6695	0.0
31062	0.0
27581	0.0
34543	0.0
23982	0.0
27463	0.0
34425	0.0
10058	0.0
3096	2177.458822814361
6577	0.0
17020	0.0
20501	0.0
13539	129.87369133425048
22566	0.0
8642	0.0
19085	0.0
29528	0.0
1680	0.0
26047	0.0
15604	0.0
5161	0.0
12123	0.0
33009	0.0
13362	0.0
6400	0.0
9881	468.9357142650294
16843	229.0
2919	0.0
30767	0.0
34248	0.0
27286	687.0
20324	0.0
23805	0.0
35487	0.0
4158	0.0
14601	0.0
21563	0.0
32006	0.0
18082	0.0
677	0.0
25044	0.0
7639	0.0
11120	0.0
23451	0.0
19970	0.0
26932	0.0
13008	0.0
2565	0.0
16489	0.0
9527	1742.2725640952049
6046	0.0
12477	1.4326514508923966
26401	0.0
5515	0.0
8996	0.0
22920	0.0
29882	0.0
2034	0.0
33363	5.3862114325522
15958	0.0
13303	0.0
27227	0.0
6341	0.0
9822	6.478323213609631
34189	0.0
23746	0.0
30708	4.387475283790887
20265	0.0
16784	21549.091704670856
15781	0.0
5338	0.0
29705	0.0
8819	0.0
33186	0.0
12300	0.0
19262	0.0
22743	0.0
1857	2553.505277095507
26224	0.0
3981	4.569170226810243
7462	0.0
24867	0.0
35310	0.0
10943	0.7656522856751689
17905	0.0
500	0.0
31829	0.0
21386	0.0
11356	47.48801981627356
7875	229.91357769697083
28761	36.96652997018013
21799	0.0
25280	0.0
18318	0.0
35723	0.0
32242	0.0
4394	235.5289159075688
32655	0.0
25693	0.0
8288	0.0
11769	0.0
29174	0.0
1326	0.0
22212	0.0
18731	0.0
26519	0.0
23038	0.0
16076	229.0
9114	0.0
5633	6.856840593525747
2152	0.0
30000	0.0
12595	0.0
7816	0.0
18259	0.0
25221	0.0
21740	0.0
14778	0.0
11297	0.0
854	0.0
35664	0.0
4335	419.8164002242749
17787	0.0
24749	0.0
35192	1.66068574388931
31711	49.022716898128344
14306	0.0
21268	0.0
10825	690.8654616086303
382	0.0
3863	7.711455294395906
28230	0.0
7344	0.0
32360	0.0
7993	2169.4691325849894
11474	0.0
21917	0.0
14955	0.0
1031	446.6902097720692
4512	260.3350069724964
25398	0.0
28879	0.0
21445	0.0
28407	0.0
31888	0.0
7521	0.0
35369	0.0
24926	0.0
559	22.598705104998235
14483	2.1295631714174528
11002	0.0
4040	4156.2296927603065
17256	7.3017631404934225
10294	0.0
6813	0.0
3332	0.0
20737	0.0
27699	0.0
13775	0.0
31180	0.0
24218	0.0
28643	229.0
25162	0.0
14719	0.0
21681	0.0
11238	0.0
4276	0.0
7757	0.0
795	46.642007082533155
18200	0.0
35605	0.0
20560	0.0
24041	0.0
34484	0.0
13598	0.0
17079	0.0
10117	0.6664321101174737
3155	0.0
6636	0.0
31003	0.0
9173	1317.33714126605
16135	0.0
23097	0.0
19616	0.0
33540	0.0
2211	210.98015587739556
5692	0.0
30059	0.0
12654	20.958021881224056
32065	0.0
11179	0.0
14660	0.0
18141	0.0
7698	57.430505111471845
35546	0.0
4217	0.0
21622	0.0
28584	0.0
736	3.1907208761197627
25103	0.0
13480	0.0
30885	2.6941150412682053
23923	0.0
27404	0.0
16961	0.0
9999	249.56196777666122
34366	0.0
6518	0.0
20442	0.0
3037	242.51116098605698
17846	0.0
31770	0.0
35251	0.0
28289	0.0
24808	0.0
10884	0.0
14365	0.0
7403	0.0
3922	0.0
21327	0.0
441	146.11366224248138
5279	0.0
12241	0.0
8760	0.0
26165	0.0
1798	0.0
33127	0.0
15722	46.155239244100294
22684	0.0
27994	0.0
17551	0.0
21032	0.0
7108	2790.483705817857
3627	1240.4579220092821
31475	0.0
10589	0.0
24513	0.0
14070	0.0
146	0.0
30531	0.0
16607	101.03483174055383
20088	0.0
34012	3.303652266992609
23569	0.0
27050	0.0
13126	0.0
9645	443.8144013797836
2683	37.725994008695324
6164	0.0
17492	0.0
10530	726.5944549193509
31416	0.0
20973	0.0
34897	0.0
24454	0.0
14011	0.0
3568	26.57697919858267
87	10577.306742350129
7049	0.0
27935	0.0
26991	0.0
23510	0.0
6105	75.98543271528652
13067	0.0
16548	0.0
20029	0.0
9586	0.0
33953	0.0
30472	0.0
2624	0.0
9232	0.0
30118	0.0
23156	0.0
12713	0.0
5751	0.0
26637	0.0
19675	0.0
2270	0.0
17610	0.0
7167	0.0
10648	0.0
3686	955.0707196730663
21091	0.0
24572	0.0
35015	0.0
31534	0.0
28053	0.0
205	5563.673393473087
30826	0.0
13421	21151.19294997359
23864	65.41165828889142
34307	46.06396776413416
16902	0.8543511605246795
6459	0.05714285714285714
2978	0.0
20383	0.0
9940	4.731778411131107
9704	0.0
30590	0.0
16666	0.0
34071	0.0
20147	0.0
27109	0.0
2742	1035.68016334069
13185	0.0
6223	0.0
23628	0.0
6282	6.547717533667292
34130	0.0
30649	0.0
23687	0.0
16725	0.0
13244	0.0
20206	0.0
2801	2.072454465384061
9763	386.34170325171107
17669	0.641002842420964
7226	239.90476190476105
10707	0.0
28112	239.8074484881197
21150	0.0
3745	0.0
264	0.0
31593	0.0
14188	0.0
26755	0.0
5869	919.9420724155945
30236	93.98844659225756
9350	0.0
19793	0.0
16312	0.0
33717	0.0
12831	0.0
23274	0.0
2388	2226.347793405643
26460	0.0
29941	0.0
9055	0.0
16017	10.031413035739131
5574	0.0
22979	0.0
33422	0.0
12536	0.0
2093	0.0
19498	0.0
12772	0.0
5810	0.0
33658	0.0
9291	0.0
16253	0.0
23215	0.0
19734	0.0
30177	0.0
26696	0.0
2329	151.24032963478234
28938	0.0
32419	0.0
25457	0.0
18495	0.0
21976	0.0
15014	0.0
8052	0.0
11533	0.0
1090	0.0
4571	0.0
20855	0.0
13893	3.308721248270255
31298	0.0
27817	0.0
6931	0.0
17374	0.0
10412	0.0
24336	0.0
