2596	0.0
23482	0.0
6077	229.0
30444	0.0
9558	426.95647404115095
16520	2.4994557141617717
13039	0.0
33925	0.0
20001	0.0
26963	0.0
29913	0.0
2065	0.0
15989	0.0
33394	0.0
9027	0.0
26432	0.0
12508	916.4783237018714
5546	0.0
22951	0.0
29559	0.0
1711	0.0
26078	0.0
33040	0.0
8673	229.0
22597	0.0
12154	0.0
5192	0.0
15635	0.0
27376	0.0
3009	593.5607520710632
6490	0.0
16933	0.0
13452	0.0
30857	0.0
20414	0.0
9971	0.0
23895	229.0
11859	0.0
1416	3679.8594684285827
4897	0.0
8378	0.0
32745	0.0
18821	0.0
15340	0.0
25783	0.0
29264	0.0
1239	0.0
25606	0.0
8201	0.0
15163	0.0
32568	0.0
29087	0.0
18644	0.0
11682	0.0
4720	0.0
22125	0.0
32037	0.0
14632	935.1913000085835
708	0.0
21594	0.0
7670	0.0
4189	0.0
35518	0.0
25075	0.0
28556	0.0
30031	0.0
2183	0.0
33512	0.0
26550	0.0
16107	0.0
9145	0.0
23069	0.0
5664	0.0
19588	0.0
14337	0.0
17818	0.0
413	2915.4672048375123
10856	0.0
31742	0.0
3894	0.0
24780	0.0
28261	0.0
21299	0.0
7375	0.0
35223	0.0
30503	0.0
2655	0.0
13098	0.0
9617	0.0
6136	0.0
33984	0.0
27022	0.0
16579	0.0
23541	0.0
32391	0.0
21948	0.0
1062	1182.767614022051
28910	0.0
14986	0.0
8024	0.0
4543	134.74586128924804
18467	0.0
1475	0.0
32804	0.0
11918	0.0
8437	0.0
25842	0.0
4956	0.0
18880	0.0
15399	31.126775033711752
23600	0.0
13157	0.0
2714	3405.483193621374
9676	0.0
30562	0.0
20119	0.0
16638	458.0
6195	0.0
27081	0.0
34043	0.0
7257	0.0
295	0.0
31624	0.0
21181	0.0
14219	0.0
3776	0.0
17700	0.0
28143	0.0
24662	0.0
8909	0.0
15871	0.0
5428	0.0
1947	0.0
33276	0.0
12390	0.0
29795	0.0
22833	0.0
19352	0.0
1121	9.688496477128929
4602	162.6389845673944
11564	31.398188490051734
28969	0.0
22007	0.0
32450	0.0
15045	0.0
18526	0.0
25488	0.0
8083	0.0
32509	0.0
15104	0.0
29028	0.0
8142	0.0
1180	59.543790978637716
18585	0.0
11623	1612.0682463104813
4661	0.0
22066	0.0
25547	57.057843376611956
29205	519.5632110097795
25724	0.0
22243	0.0
32686	0.0
18762	3.4727075112693258
15281	0.0
4838	229.25
11800	0.0
8319	0.0
9499	0.0
6018	47.5161972405652
19942	0.0
26904	0.0
2537	0.0
23423	0.0
16461	0.0
30385	0.0
33866	0.0
13511	0.0
27435	12.18127388739886
6549	0.0
3068	0.8008735111583212
34397	0.0
10030	687.0
16992	0.0
20473	0.0
23954	10.619449452640298
30916	0.0
3481	571.8942738255931
27848	0.0
6962	21.308607899790037
13924	270.1359498816893
0	0.0
20886	0.0
10443	458.0
34810	0.0
24367	0.0
17405	0.0
25901	0.0
18939	0.0
11977	0.0
1534	3163.4748003425157
8496	0.0
22420	0.0
32863	0.0
29382	0.0
15458	0.0
27966	0.0
7080	0.0
17523	1.553788770360492
24485	0.0
10561	38.7704791224888
118	15308.341360321318
14042	36.963911603639815
3599	0.0
31447	0.0
21004	0.0
28851	0.0
7965	229.0
1003	54.525127152378225
18408	0.0
32332	0.0
4484	0.0
21889	0.0
11446	0.0
14927	0.0
35813	0.0
25370	0.0
6844	0.0
31211	1.3732822346225517
10325	0.0
3363	0.0
34692	0.0
20768	0.0
17287	0.5887762707441608
24249	0.0
27730	229.0
17110	0.0
10148	24.799013253788072
24072	229.0
3186	21.555163352870068
20591	0.0
13629	0.0
6667	0.0
34515	0.0
27553	0.0
31034	5.2597450265931665
29736	0.0
26255	0.0
8850	0.0
1888	0.0
19293	0.0
12331	80.66468108349964
5369	0.0
33217	0.0
22774	446.6520254143795
15812	0.0
13747	0.0
17228	0.0
24190	0.0
6785	0.0
10266	0.0
3304	11.56707284162249
20709	0.0
27671	0.0
31152	0.0
32922	0.0
1593	0.0
18998	0.0
22479	0.0
29441	0.0
15517	229.0
5074	0.0
8555	0.0
25960	0.0
12036	0.0
8260	0.0
11741	0.0
29146	0.0
1298	2507.510278028201
32627	0.0
18703	11.917633278268744
25665	0.0
4779	0.0
35400	0.0
21476	0.0
28438	0.0
590	3322.9875019616175
7552	1.7696487079680356
14514	97.79086882051237
11033	0.0
4071	17732.193907090605
24957	0.0
31919	0.0
32273	351.4229443983572
28792	0.3646620640030418
35754	0.0
4425	5928.221587909268
25311	0.0
944	92.47542324036507
14868	43.852673652087276
21830	0.0
35459	0.0
11092	0.0
18054	0.0
649	92.00820079914641
25016	0.0
28497	0.0
7611	0.0
21535	0.0
4130	0.0
14573	0.0
17759	0.0
31683	0.0
24721	0.0
354	0.0
14278	0.0
3835	2315.024934313824
21240	0.0
7316	0.0
10797	0.0
28202	0.0
15930	0.0
22892	0.0
5487	0.0
33335	0.0
26373	0.0
29854	0.0
8968	0.0
12449	0.0
2006	0.0
32155	0.0
28674	0.0
18231	0.0
11269	0.0
826	0.0
25193	0.0
21712	0.0
4307	0.0
35636	0.0
14750	0.0
9322	0.0
5841	0.0
26727	0.0
33689	0.0
30208	0.0
19765	0.0
2360	0.0
16284	0.0
23246	0.0
12803	0.0
14455	0.0
10974	0.0
21417	0.0
28379	0.0
24898	0.0
531	0.0
31860	0.0
4012	342.70363660225007
7493	2585.7362452090556
35341	0.0
17936	139.47635346747498
13688	21.88804299961771
24131	0.0
10207	215.50370433292167
31093	0.0
17169	0.0
3245	0.0
34574	0.0
27612	0.0
6726	0.0
20650	0.0
23777	0.0
27258	0.0
16815	0.0
13334	0.0
34220	0.0
9853	0.0
6372	0.0
2891	0.0
30739	0.0
7434	0.0
24839	0.0
35282	0.0
21358	0.0
31801	0.0
472	0.0
28320	0.0
14396	0.0
17877	0.0
10915	458.0
31565	0.0
7198	0.0
10679	0.0
17641	0.0
21122	0.0
24603	0.0
236	0.0
3717	0.0
14160	0.0
28084	0.0
34456	0.0
30975	0.0
27494	0.0
17051	853.5606452539168
24013	0.0
10089	0.0
6608	0.0
13570	0.0
3127	306.7239395150087
6431	1221.3333333333333
23836	0.0
27317	0.0
30798	0.0
34279	0.0
2950	0.0
20355	458.0
9912	0.0
16874	0.0
13393	0.0
13275	0.0
34161	0.0
9794	0.0
6313	43.22389264343188
23718	0.0
2832	0.0
16756	62.16596650580297
27199	0.0
30680	0.0
23010	0.0
9086	0.0
33453	0.0
2124	0.0
19529	0.0
5605	0.0
26491	0.0
12213	0.0
26137	0.0
29618	0.0
1770	518.4631884244952
5251	0.0
8732	0.0
19175	0.0
33099	0.0
15694	0.0
7139	0.0
3658	181.4275097301877
10620	400.12968929106586
24544	0.0
28025	0.0
21063	0.0
31506	0.0
177	0.0
14101	0.0
17582	0.0
17464	0.0
7021	0.0
13983	36.963911603639815
3540	0.0
20945	0.0
31388	0.0
27907	0.0
10502	0.0
59	0.0
16166	0.0
30090	0.0
9204	0.0
26609	0.0
12685	0.0
19647	0.0
2242	22364.550525190396
33571	0.0
28733	0.1800283367604959
7847	0.0
14809	0.0
11328	2.275152110355922
4366	51.542859591122635
21771	0.0
35695	0.0
25252	0.0
885	3398.902356159258
10384	31.346463098526872
31270	0.0
27789	0.0
24308	0.0
20827	0.0
34751	0.0
6903	18.08624742873714
17346	15.441055913802048
3422	0.0
8614	0.0
5133	0.0
15576	0.0
19057	0.0
26019	0.0
29500	0.0
32981	0.0
22538	13.588232281307652
12095	70.71407475783913
1652	620.0066480938864
20178	0.0
13216	229.0
27140	0.0
30621	0.0
23659	0.0
16697	0.0
6254	1855.6699886144327
34102	0.0
2773	0.0
9735	0.0
5782	0.0
33630	0.0
12744	0.0
16225	456.0
19706	0.0
30149	0.0
23187	0.0
2301	0.0
15753	0.0
8791	0.0
22715	0.0
19234	3192.9647943414348
33158	0.0
26196	0.0
5310	81.15334332904186
1829	0.18351222420989863
29677	0.0
12272	2156.629162270371
21653	0.0
25134	0.0
28615	0.0
4248	0.0
18172	0.0
11210	1.2
14691	0.0
7729	3137.9532669693344
32096	0.0
767	0.0
35577	0.0
23305	305.3333333333333
19824	0.0
26786	0.0
30267	0.0
5900	0.0
16343	0.0
2419	0.0
19883	0.0
23364	0.0
26845	0.0
33807	0.0
30326	0.0
12921	0.0
5959	0.0
2478	0.0
16402	0.0
