2827	0.0
23713	27.744097911753574
30675	0.0
27194	0.0
34156	0.0
6308	142.16725509259595
9789	0.0
16751	0.0
30970	0.0
13565	61.02491606850246
3122	1759.562139925859
17046	0.0
20527	343.5
24008	0.0
27489	3.581753849188881
34451	0.0
6603	0.0
10084	3.6099856430090718
467	4.690498433866017
14391	0.0
31796	0.0
7429	0.0
21353	0.0
3948	2.7494017394407266
10910	5.554813892765042
24834	0.0
28315	0.0
19996	0.0
33920	0.0
9553	0.0
30439	0.0
6072	0.0
26958	248.08333333333417
16515	0.0
23477	0.0
13034	0.0
30262	0.0
33743	0.0
5895	458.15253838884956
16338	0.0
19819	0.0
2414	5005.316426322426
12857	0.0
23300	0.0
9376	0.0
17105	0.0
31029	0.0
3181	0.0
24067	0.0
6662	0.0
13624	0.0
20586	0.0
27548	0.0
34510	0.0
10143	378.83395155173326
21825	0.0
4420	0.0
939	0.0
18344	0.0
11382	0.0
32268	0.0
7901	0.0
35749	0.0
14863	0.0
25306	0.0
644	0.0
25011	0.0
14568	0.0
35454	0.0
7606	0.0
31973	0.0
21530	0.0
22592	715.5727988966889
19111	0.0
12149	0.0
8668	0.0
1706	0.0
33035	0.0
29554	0.0
5187	0.0
15630	0.0
26073	0.0
10733	0.9907688477642083
17695	0.0
28138	0.0
31619	0.0
290	0.0
14214	0.0
35100	0.0
3771	0.0
24657	0.0
21176	0.0
7252	0.0
27135	0.0
34097	0.0
9730	0.0
2768	212.76030573350786
23654	0.0
20173	0.0
6249	0.0
30616	0.0
13211	0.0
9612	1.7662741545176657
23536	0.0
6131	241.5342162694363
2650	0.0
30498	0.0
13093	0.0
33979	0.0
16574	0.0
20055	0.0
8609	0.0
29495	1339.5531681330465
12090	67.31267549455312
26014	0.0
1647	1813.7991406854092
22533	229.0
15571	0.0
5128	0.0
32976	0.0
19052	0.0
28905	0.46192729965549434
1057	491.1534143728815
32386	0.0
8019	0.0
21943	0.0
4538	355.7741784005318
25424	0.0
11500	1962.1085026926412
14981	0.0
10615	0.0
31501	0.0
3653	0.0
172	0.0
34982	0.0
21058	0.0
28020	0.0
14096	0.0
7134	0.0
24539	35.777690033316155
1529	708.4875757301543
29377	0.0
15453	0.0
11972	229.0
5010	0.0
8491	0.47079795606761754
18934	0.0
22415	0.0
1234	0.0
15158	0.0
29082	0.0
4715	909.7037321065462
11677	0.0
22120	0.0
25601	0.0
32563	0.0
18639	0.0
24893	0.0
4007	0.0
526	648.6829258858887
28374	0.0
21412	0.0
7488	0.0
31855	0.0
10969	0.0
14450	0.0
29436	0.0
1588	0.0
15512	0.0
22474	0.0
8550	0.0
12031	236.9852908645579
5069	0.0
18993	0.0
25955	0.0
32917	0.0
27430	0.0
6544	234.36876013215542
16987	0.0
23949	0.0
30911	0.0
10025	0.0
3063	0.0
34392	0.0
13506	0.0
30203	0.0
23241	0.0
26722	0.0
9317	145.92706874331267
16279	0.0
5836	229.0
2355	0.0
19760	0.0
12798	0.0
33684	0.0
31147	0.0
20704	0.0
3299	229.46096491228067
27666	0.0
6780	0.0
24185	0.0
13742	0.0
17223	0.0
22179	0.0
8255	0.0
25660	57.057843376611956
11736	0.0
1293	10.330692916306129
4774	0.0
29141	0.0
32622	0.0
27607	0.0
24126	0.0
17164	0.0
10202	69.11441082885621
31088	0.0
3240	0.0
6721	0.0
27371	0.0
16928	0.0
3004	0.0
30852	0.0
23890	0.0
20409	1603.0
6485	0.0
12739	29.67475470609157
19701	0.0
9258	0.0
26663	0.0
23182	0.0
30144	0.0
2296	0.0
16220	0.0
33625	0.0
5777	0.0
25483	0.0
11559	0.0
15040	48.491131610466525
28964	0.0
18521	0.0
1116	0.0
22002	0.0
4597	0.0
8078	0.0
32445	0.0
5541	0.0
9022	0.0
15984	0.0
29908	0.0
22946	0.0
2060	0.0
26427	0.0
33389	0.0
29672	0.0
15748	0.0
26191	0.0
1824	0.0
22710	0.0
8786	0.0
12267	0.0
33153	0.0
19229	0.0
5305	0.0
20940	0.0
31383	0.0
24421	0.0
54	0.0
3535	0.0
17459	0.0
10497	0.0
27902	0.0
26486	0.0
29967	0.0
33448	0.0
9081	0.0
16043	0.0
12562	0.0
2119	10.105392094498745
19524	0.0
25247	0.0
14804	0.0
18285	0.0
7842	0.0
28728	0.0
11323	29.762126460367963
4361	2236.020635940697
35690	0.0
32209	0.0
880	0.0
21766	0.0
17400	0.0
10438	1.3069092875594424
20881	0.0
34805	0.0
24362	64.70879929775957
31324	0.0
27843	0.0
3476	0.0
6957	0.0
13919	0.0
8432	90.25809127415495
18875	0.0
25837	0.0
29318	0.0
32799	0.0
22356	0.0
1470	0.0
11913	29.000712808925137
4951	0.0
15394	6.745080953499118
33861	0.0
30380	0.0
23418	0.0
6013	0.0
26899	0.0
2532	0.0
19937	0.0
12975	0.0
16456	0.0
9494	0.0
13860	0.0
17341	0.0
27784	0.0
6898	1094.2449577539915
3417	46.81141864431331
31265	0.0
20822	0.0
10379	68.81790976411403
30321	0.01639344262295082
33802	0.0
19878	0.0
23359	0.0
2473	18.08371449410949
5954	0.0
9435	0.0
16397	0.0
12916	14.432478778373836
15807	0.0
8845	0.0
12326	399.16259157126706
29731	1810.4612639355485
33212	0.0
5364	0.0
1883	0.0
22769	0.0
19288	333.7046544610775
25365	0.0
11441	0.0
28846	0.0
21884	0.0
4479	0.0
32327	0.0
7960	0.0
998	0.0
18403	0.0
35808	0.0
14922	0.0
11205	0.0
18167	0.0
7724	0.0
32091	0.0
14686	0.0
28610	0.0
21648	0.0
762	0.0
4243	2277.5096664839757
25129	0.0
23772	0.0
9848	229.0
20291	0.0
34215	0.0
30734	0.0
13329	0.0
2886	0.0
6367	2937.7143513382357
16810	0.0
27253	0.0
28079	0.0
10674	43.65075858530746
21117	0.0
3712	8.734548369818913
17636	0.0
31560	0.0
231	474.29636006812126
7193	629.4672036412478
35041	0.0
26545	0.0
30026	0.0
5659	0.0
23064	0.0
16102	51.0699918828351
9140	15.298911992161951
19583	0.0
2178	0.0
21589	0.0
25070	0.0
28551	0.0
35513	0.0
7665	0.0
14627	0.0
32032	0.0
4184	636.965070755459
11146	0.0
703	0.0
24775	0.0
14332	0.0
28256	0.0
3889	6052.386872671731
31737	0.0
21294	0.0
10851	121.82825442938953
35218	0.0
408	0.0
33330	2.3006736271919035
12444	0.0
26368	0.0
15925	0.0
5482	0.0
29849	0.0
22887	0.0
8963	0.0
2001	0.0
3830	0.0
10792	6.797498590628385
28197	687.0
24716	0.0
31678	0.0
35159	0.0
21235	0.0
17754	0.0
349	0.0
7311	0.0
14273	0.0
25188	0.0
21707	0.0
14745	1291.4823235930512
11264	0.0
18226	0.0
35631	0.0
821	10.502867736620034
4302	532.7295120397546
7783	0.0
32740	0.0
4892	0.0
29259	0.0
11854	0.0
22297	0.0
18816	0.0
8373	0.047819423621522576
15335	0.0
25778	0.0
1411	18057.09324570675
7547	0.0
4066	0.0
17990	0.0
11028	0.0
31914	0.0
35395	0.0
21471	0.0
28433	0.0
585	0.0
14509	0.0
30793	0.0
6426	0.0
27312	0.0
16869	774.9014841780091
34274	0.0
2945	0.0
9907	0.0
20350	0.0
23831	0.0
26309	0.0
12385	0.0
8904	0.0
19347	0.0
29790	0.0
15866	0.0
22828	0.0
1942	0.0
33271	0.0
4833	0.0
25719	0.0
15276	0.0
11795	0.0
8314	0.0
29200	0.0
32681	0.0
1352	0.0
22238	0.0
18757	0.0
13152	1.5464114128273712
34038	0.0
20114	0.0
23595	0.0
6190	587.3637215811563
16633	0.0
9671	911.5573006866468
30557	0.0
2709	2959.168530039801
27076	0.0
15689	0.0
8727	0.0
33094	0.0
26132	0.0
12208	0.0
1765	103.81251880527371
25542	0.0
22061	0.0
29023	0.0
18580	0.0
32504	0.0
11618	18.780356411688096
15099	0.0
8137	7.874941801997496
1175	7.884995751002791
10556	0.0
17518	0.0
14037	687.0
3594	0.0
34923	0.0
31442	0.0
27961	0.0
7075	0.0
20999	0.0
24480	0.0
113	846.3291593146736
30085	0.0
33566	0.0
26604	0.0
12680	775.0510665850226
16161	0.0
23123	0.0
2237	0.0
9199	0.0
19642	687.6929093633048
31206	0.0
20763	0.0
6839	0.0
34687	0.0
10320	0.0
13801	46.83878177527567
24244	0.0
27725	0.0
17282	0.0
3358	103.84698315485163
