15715	0.0
5272	0.0
1791	461.72474114704676
12234	0.0
22677	0.0
19196	0.0
33120	0.0
8753	0.0
26158	0.0
29639	0.0
24211	0.0
3325	44.10464985675716
20730	0.0
13768	229.0
6806	6350.671192598507
34654	0.0
27692	0.0
17249	0.0
31173	0.0
10287	0.0
13001	0.0
2558	0.0
23444	0.0
26925	286.25
6039	0.0
19963	0.0
30406	0.0
16482	0.0
33887	0.0
11054	0.0
21497	0.0
31940	0.0
611	0.0
7573	940.035913284639
4092	0.0
24978	687.0
35421	0.0
27987	0.0
139	0.0
14063	0.0
7101	229.0
31468	0.0
10582	0.5705021620142074
24506	0.0
21025	0.0
34949	0.0
17544	0.0
17662	0.641002842420964
257	0.0
31586	0.0
7219	109.27663777310548
24624	0.0
3738	0.0
28105	0.0
10700	0.0
14181	0.0
21143	0.0
316	0.0
21202	0.0
31645	0.0
3797	31610.302245435123
35126	0.0
7278	566.0394872167071
28164	0.0
24683	0.0
10759	0.0
17721	0.5887762707441608
2086	0.0
29934	0.0
5567	0.0
19491	0.0
22972	0.0
26453	0.0
33415	0.0
16010	0.0
9048	1067.6875684482156
12529	0.0
8222	1500.927779529268
15184	0.0
11703	0.0
1260	10.854768336856134
22146	0.0
18665	0.0
4741	0.0
32589	0.0
29108	0.0
25627	519.4112181686269
11349	0.0
906	0.0
28754	0.3417629519532569
21792	0.0
4387	0.0
32235	0.0
14830	0.0
25273	0.0
18311	0.0
35716	0.0
16659	0.0
23621	0.0
6216	0.0
2735	0.0
30583	0.0
27102	0.0
9697	25.24551901022928
20140	0.0
34064	0.0
33651	0.0
2322	0.0
23208	0.0
30170	687.0
16246	0.0
26689	0.0
19727	510.07901711945397
5803	0.0
11467	0.0
1024	0.0
7986	21.33265983256917
4505	0.0
14948	0.0
25391	458.0
28872	0.0
32353	0.0
27633	0.0
3266	387.11614035942375
6747	1540.614206387525
20671	0.0
31114	0.0
17190	923.1988633548683
34595	0.0
24152	0.0
10228	0.0
13709	0.0
29757	0.0
26276	0.0
1909	0.0
8871	229.4933703759738
19314	0.0
15833	0.0
5390	0.0
12352	37.06802898955961
33238	0.0
32294	0.0
21851	0.0
965	8.577936359080157
4446	9.781496192353563
28813	0.0
35775	0.0
11408	0.0
25332	0.0
7927	0.0
14889	236.61185954333754
18370	0.0
32648	0.0
4800	0.0
1319	0.0
11762	0.0
8281	0.0
18724	0.0
29167	0.0
25686	0.0
10641	2602.57875773652
3679	0.0
17603	0.5887762707441608
198	0.0
31527	0.0
14122	0.0
35008	0.0
24565	0.0
21084	0.0
7160	229.0
29403	0.0
32884	0.0
15479	0.0
1555	0.0
22441	0.0
18960	0.0
25922	0.0
11998	8.146997148677116
16895	0.5887762707441608
27338	0.0
23857	0.0
20376	0.0
6452	41.1646939031253
2971	666.4829823405985
30819	0.0
9933	0.0
34300	0.0
13414	691.4506955366252
8812	0.0
19255	0.0
22736	0.0
33179	0.0
26217	0.0
12293	0.0
1850	0.0
15774	0.0
9815	0.0
27220	0.0
30701	0.0
2853	0.0
13296	0.0
34182	0.0
20258	0.0
16777	0.0
6334	0.0
23385	0.0
30347	0.0
16423	0.09206646646424993
33828	0.0
2499	298.1024215333161
5980	27.352839195233017
12942	2.3258758741002272
19904	0.0
26866	0.0
28990	0.0
1142	629.8460016033325
32471	0.0
22028	0.0
8104	0.0
25509	13.303889702055136
18547	0.0
4623	200.26981359469926
11585	0.0
15066	0.0
23503	0.0
2617	0.0
26984	0.0
20022	73.1946541647689
9579	0.0
13060	0.0
6098	0.0
16541	0.0
33946	0.0
30465	0.0
34005	0.0
20081	0.0
30524	0.0
13119	0.0
23562	0.0
2676	0.0
6157	62.18428112392926
16600	0.0
9638	0.0
4151	0.0
21556	0.0
35480	0.0
25037	0.0
11113	0.0
31999	0.0
14594	0.0
18075	0.0
9166	0.0
33533	0.0
16128	230.99270928169315
2204	458.0
12647	17.11520031266823
26571	0.0
23090	0.0
5685	0.0
19609	0.0
12411	0.0
26335	0.0
8930	0.0
5449	0.0
19373	0.0
33297	0.0
29816	0.0
15892	0.0
22854	0.0
4328	2279.0589524387137
32176	0.0
25214	0.0
847	1200.838610130204
35657	0.0
28695	10.710369252274154
11290	0.0
21733	0.0
7809	0.0
14771	0.0
29580	0.0
15656	0.0
5213	0.0
22618	0.0
33061	0.0
26099	0.0
1732	0.0
19137	0.0
12175	0.0
8694	0.0
15538	0.0
25981	0.0
29462	0.0
8576	1.7696487079680356
1614	167.84785546098152
19019	0.0
12057	0.0
32943	0.0
5095	0.0
24919	0.0
14476	4391.371313309323
4033	0.0
28400	0.0
35362	0.0
21438	0.0
552	0.0
7514	24.93853058227867
17957	0.0
19668	0.0
23149	0.0
33592	0.0
9225	0.0
12706	131.83024977769577
26630	0.0
16187	0.0
2263	0.0
30111	1.2801307083112705
9343	0.0
26748	0.0
33710	0.0
12824	0.0
30229	0.0
19786	0.0
16305	0.0
2381	0.0
5862	0.0
23267	0.0
16364	0.0
26807	0.0
9402	0.0
12883	0.0
33769	0.0
5921	777.3841307849837
19845	0.0
30288	0.0
13650	0.0
6688	1.5439332175923601
34536	0.0
17131	0.0
10169	0.0
3207	212.8839508135795
24093	0.0
27574	0.0
4682	0.0
32530	0.0
29049	0.0
15125	0.0
1201	0.0
25568	687.0
18606	0.0
22087	0.0
6570	833.6051455891123
23975	828.1663055772617
27456	0.0
3089	157.4390454671483
34418	0.0
10051	0.0
30937	234.2851267254734
20553	0.0
13591	0.0
6629	803.1157275966008
30996	0.0
24034	0.0
3148	0.0
17072	0.0
10110	0.0
34477	0.0
27515	0.0
10818	0.0
35185	0.0
21261	0.0
3856	39.854120007686056
14299	0.0
375	0.0
17780	0.0
7337	253.83119841968303
28223	0.0
24742	0.0
16718	0.0
20199	0.0
6275	14.384891790081433
34123	0.0
13237	0.0
30642	0.0
2794	31.431012342147152
9756	0.0
27161	0.0
7396	0.0
3915	21.068674498956756
31763	0.0
24801	0.0
10877	0.0
28282	0.0
434	1081.294805559588
21320	0.0
35244	0.0
28636	1832.0
32117	0.0
25155	0.0
14712	9.352304368633163
11231	0.0
7750	0.0
35598	0.0
4269	2028.485487541877
21674	0.0
18193	0.0
17485	0.0
7042	0.0
31409	0.0
14004	0.0
20966	0.0
3561	0.0
27928	0.0
10523	0.0
24447	0.0
80	481.38670271961297
6924	0.0
17367	0.0
10405	1769.0312150205657
27810	0.0
13886	0.0
3443	0.0
31291	0.0
24329	0.0
34772	0.0
20848	0.0
3502	3382.1529453054054
27869	0.0
34831	0.0
24388	0.0
20907	0.0
17426	0.0
31350	0.0
21	972.5118552927368
3974	937.7484439108902
10936	0.0
14417	0.0
21379	0.0
35303	0.0
28341	0.0
31822	0.0
7455	1578.8194878955292
493	0.0
22323	0.0
4918	0.0
18842	0.0
15361	0.0
29285	0.0
11880	0.0
8399	0.0
32766	0.0
25804	0.0
1437	4018.525293083707
16836	0.0
30760	55.604454824460355
23798	0.0
9874	0.0
20317	0.0
27279	0.0
2912	0.0
34241	0.0
6393	81.4982696773787
8458	0.0
11939	0.0
18901	1.5840283964653412
22382	0.10034085318715301
29344	0.0
32825	0.0
25863	0.0
1496	0.0
31232	0.0
24270	0.0
10346	0.0
17308	0.0
13827	467.37186700756695
20789	0.0
3384	50.72714109697607
6865	0.0
34713	0.0
27751	56.60936036986534
23916	614.0469821165785
9992	0.0
20435	0.6516531845887696
27397	0.0
6511	0.0
3030	119709.49174044041
34359	0.0
16954	0.0
13473	0.0
9107	0.0
19550	0.0
33474	0.0
16069	3.2211265313834243
23031	0.0
5626	0.0
26512	0.0
2145	8.688094642764826
29875	0.0
15951	0.0
22913	0.0
12470	0.0
5508	130.863961783966
33356	0.0
19432	0.0
2027	6.97240768738113
26394	0.0
8989	0.0
12116	30.109555187199245
29521	0.0
5154	0.0
15597	0.0
22559	0.0
8635	0.0
26040	0.0
33002	0.0
1673	0.0
19078	0.0
15302	0.0
22264	0.0
29226	0.0
32707	1223.00979321295
8340	0.0
25745	0.0
18783	0.0
1378	0.0
11821	0.0
4859	0.0
32058	0.0
25096	0.0
4210	0.0
21615	0.0
35539	0.0
729	3820.1611982842774
11172	0.0
7691	458.0
14653	754.8062960036867
8045	0.0
4564	47.44003736215301
11526	45.20852684090037
25450	2140.2373978962382
32412	0.0
18488	0.0
15007	0.0
28931	0.0
1083	5797.977695702827
