4904	0.0
1423	6354.234695042556
11866	464.3065340177365
15347	10.611371795271072
25790	0.0
29271	86.8864916452305
32752	0.0
22309	0.0
8385	0.0
18828	150.8699752066833
2485	0.0
5966	4.494883876286594
33814	0.0
19890	687.0
16409	0.0
26852	0.0
30333	0.0
12928	1.899768208939882
26085	2019.0081784069682
19123	0.0
8680	0.0
1718	132.35161669610824
5199	0.0
15642	763.4649481769372
22604	0.0
33047	0.0
29566	0.0
12161	0.0
33401	0.0
26439	0.0
29920	0.0
2072	1676.0579815143954
19477	0.0
15996	0.0
22958	0.0
5553	21151.531473577536
9034	0.0
14344	0.0
35230	0.0
21306	0.0
420	6932.608649709179
24787	0.0
7382	0.0
31749	0.0
10863	0.0
28268	0.0
2957	461.9556656435467
9919	0.0
23843	0.0
16881	51.55558341262993
20362	0.0
6438	0.0
34286	0.0
30805	8.788248597690385
2013	0.0
5494	0.0
15937	0.0
26380	0.0
29861	0.0
33342	0.0
8975	0.0
22899	0.0
12456	0.0
7087	0.0
14049	0.0
34935	0.0
21011	0.0
17530	0.0
3606	0.0
10568	576.4668313594848
24492	0.0
31454	0.0
25318	0.0
32280	0.0
951	0.0
18356	0.0
21837	0.0
4432	192.0548658312655
7913	295.03792808337573
35761	0.0
14875	0.0
11394	0.0
33224	0.0
1895	0.0
12338	0.0
22781	0.0
19300	0.0
26262	0.0
15819	0.0
29743	0.0
8857	0.0
12220	0.0
1777	0.0
22663	0.0
8739	0.0
19182	23387.98988032326
29625	0.0
5258	0.0
33106	229.14238959870164
26144	1.2936398689030268
31631	0.0
3783	0.0
35112	0.0
21188	0.0
28150	0.0
24669	0.0
17707	0.0
10745	0.0
7264	1463.816638486283
14226	0.0
28622	0.0
774	3.4544603772108338
4255	2.045584009558287
25141	0.0
18179	0.0
7736	0.0
21660	0.0
32103	0.0
35584	0.0
14698	0.0
11217	0.0
33283	0.0
12397	0.0
19359	0.0
15878	1.9167018682564203
1954	1418.203317924597
26321	0.0
5435	0.0
29802	0.0
22840	0.0
8916	0.0
22014	0.0
1128	0.0
32457	0.0
11571	0.0
28976	0.0
15052	0.0
25495	0.0
18533	0.0
8090	229.0
4609	279.4578728444932
10332	0.0
24256	0.0
20775	0.0
13813	0.0
6851	0.0
3370	15644.06123092735
27737	0.0
17294	0.0
31218	0.0
34699	0.0
27855	0.0
3488	0.0
10450	0.0
34817	0.0
7	133.26345332114587
20893	0.0
17412	0.0
24374	0.0
13931	0.0
6969	0.0
31336	0.0
16232	0.0
30156	0.0
33637	0.0
9270	0.0
19713	0.0
26675	0.0
12751	0.0
5789	0.0
23194	0.0
13282	0.0
2839	0.0
6320	0.0
23725	0.0
16763	4.483376113612496
30687	0.0
34168	0.0
27206	0.0
9801	0.0
33165	0.8756224712107065
8798	0.0
1836	4390.1203543930615
22722	0.0
12279	0.0
19241	0.0
29684	0.0
15760	0.0
13872	0.0
20834	0.0
27796	0.0
6910	0.0
3429	151.37324940810524
17353	1.5015621986836891
24315	0.0
31277	0.0
10391	0.0
34758	0.0
25731	0.0
15288	0.0
1364	0.0
8326	821.1781092644133
18769	0.0
4845	1125.0989063513084
11807	0.0
29212	0.0
32693	0.0
18415	0.0
7972	0.0
21896	0.0
1010	0.0
32339	0.0
11453	0.6014330558268973
4491	4.017122032840433
25377	0.0
14934	0.0
28858	0.0
4137	0.0
11099	0.0
18061	0.0
21542	0.0
28504	0.0
7618	0.0
656	0.0
14580	0.0
25023	0.0
31985	0.0
14521	849.129642825242
21483	0.0
35407	0.0
7559	0.0
24964	0.0
597	0.0
28445	0.0
4078	0.0
11040	0.0
16291	0.0
30215	0.0
23253	0.0
19772	0.0
2367	0.0
5848	0.0
26734	0.0
12810	0.0
33696	0.0
16468	0.0
12987	0.0
26911	0.0
2544	0.0
9506	0.0
33873	0.0
30392	0.0
6025	0.0
16527	0.0
6084	0.0
2603	0.0
23489	0.0
20008	0.0
33932	0.0
13046	0.0
30451	0.0
26970	0.0
9565	62.301687608941755
22486	0.0
1600	0.0
5081	578.1179581325258
32929	0.0
12043	0.0
19005	0.0
4668	0.0
29035	0.0
8149	0.0
22073	0.0
1187	0.0
11630	0.0
25554	0.0
15111	0.0
14639	0.0
7677	1.9100462261926996
18120	0.0
28563	0.0
4196	0.0
32044	0.0
715	0.0
35525	0.0
11158	0.0
25082	0.0
21601	0.0
31159	0.0
27678	0.0
24197	0.0
17235	0.0
10273	0.0
6792	1827.8548771551534
13754	0.0
16999	25.465467979927737
30923	0.0
13518	0.0
6556	0.0
10037	0.0
3075	0.0
23961	0.0
34404	0.0
27442	2.0541472427492344
20480	0.0
18887	0.0
15406	0.0
1482	780.8156510512273
11925	10.95190143684084
4963	0.0
32811	0.0
29330	0.0
25849	0.0
8444	0.0
16350	0.0
33755	0.0
19831	187.15313081349308
9388	0.0
30274	0.0
5907	0.0
2426	0.0
26793	0.0
12869	0.0
23312	0.0
34522	0.0
27560	0.0
3193	479.77387357935226
31041	0.0
24079	4.71913569734252
13636	0.0
17117	0.0
31867	0.0
7500	0.0
14462	458.0
35348	0.0
28386	0.0
21424	0.0
17943	0.0
538	288.7343537938918
10981	5.123943186166596
24905	166.67043529739155
4019	2602.9653822822015
29979	0.0
26498	0.0
5612	0.0
12574	0.0
23017	0.0
19536	76.72398893113906
2131	0.0
16055	540.0633419452832
33460	0.0
26026	0.0
12102	0.0
19064	0.0
22545	0.0
5140	0.0
15583	0.0
8621	0.0
1659	0.0
29507	0.0
32988	0.0
30097	284.0209088401606
16173	34.69569487692146
26616	0.0
12692	860.2684817467417
2249	0.0
23135	0.0
9211	801.5
19654	0.0
33578	0.0
32162	0.0
7795	0.0
25200	114.5
833	0.0
21719	0.0
14757	0.0
4314	0.0
35643	0.0
28681	0.0
17648	0.0
3724	90.65627385119447
35053	0.0
24610	0.0
7205	0.0
14167	0.0
243	0.0
28091	0.0
21129	0.0
10686	61.60601656599809
16645	0.0
9683	249.9405812897123
30569	0.0
27088	0.0
6202	0.0
13164	0.0
2721	2592.5796311541762
23607	1.0876613161660131
20126	0.0
34050	0.0
12633	0.0
33519	0.0
26557	0.0
30038	0.0
5671	0.0
2190	0.0
9152	0.0
16114	0.0
20952	0.0
7028	0.0
34876	0.0
3547	0.07142857142857142
10509	0.0
13990	0.0
17471	0.0
27914	0.0
31395	0.0
66	8461.19057170212
24433	0.0
16704	0.0
30628	0.0
27147	0.0
23666	0.0
34109	0.0
13223	0.0
6261	15202.925371819903
9742	0.0
2780	1210.0496835762187
20185	0.0
32575	0.0
4727	1249.5083962807971
22132	0.0
25613	0.0
18651	0.0
15170	0.0
8208	0.0
29094	0.0
1246	0.0
11689	3.666114930820813
21070	0.0
28032	1145.0
3665	0.0
10627	0.0
17589	28.038264588948277
31513	0.0
14108	0.0
24551	0.0
7146	63.08348543743994
184	93684.18128236677
34994	0.0
21955	0.0
14993	0.0
4550	890.8432792949835
28917	0.0
32398	0.0
25436	0.0
8031	0.0
1069	0.0
18474	0.0
11512	0.0
20421	0.0
27383	0.0
23902	0.0
16940	0.0
9978	0.0
3016	714.6049188726639
30864	0.0
6497	0.0
34345	0.0
13459	0.26429818323343246
7441	0.0
10922	0.0
14403	7.898266941127839
28327	0.0
24846	0.0
21365	0.0
31808	0.0
3960	79.66986846985469
479	45057.9727744007
35289	0.0
9624	88.35718030789822
13105	0.0
33991	0.0
30510	0.0
27029	76.33333333333333
16586	0.0
23548	0.0
2662	10595.508412154208
11748	0.0
29153	0.0
22191	0.0
18710	0.0
4786	0.0
25672	0.0
15229	0.0
1305	231.512557329198
27501	0.0
10096	691.5047693493901
13577	0.5321191270936622
30982	0.0
3134	0.0
20539	0.0
17058	21311.69988859266
24020	6.153604979212189
17176	0.0
6733	0.0
20657	0.0
34581	0.0
13695	0.0
3252	25.478675514130195
24138	0.0
7854	0.0
11335	0.0
32221	0.0
25259	0.0
21778	0.0
892	304.46264595414095
18297	0.0
4373	0.0
35702	0.0
28740	11.620240298368032
22427	0.0
29389	687.0
5022	229.0
32870	0.0
25908	0.0
8503	0.0
15465	0.0
11984	0.0
1541	179.4199120724416
18946	1756.0913202041356
16822	0.0
6379	0.0
9860	0.0
2898	668.4688303613663
34227	0.0
27265	0.0
10804	0.0
7323	0.0
21247	0.0
3842	0.0
35171	0.0
17766	0.5887762707441608
28209	0.0
361	24889.91085751478
31690	0.0
