12381	0.0
1938	0.0
29786	0.0
8900	0.0
15862	0.0
22824	0.0
26305	0.0
19343	0.0
35686	34.84441781675418
4357	105.79524822101085
876	1.5577787730151558
7838	0.0
14800	0.0
21762	0.0
25243	0.0
11319	878.0366190598048
28724	0.0
18281	0.0
23768	0.0
34211	0.0
2882	422.3154016408083
16806	973.004780928611
30730	687.0
20287	1145.0
13325	0.0
6363	0.0
9844	0.0
12735	0.0
26659	0.0
23178	0.0
2292	0.0
33621	0.0
19697	0.0
16216	0.0
30140	0.0
5773	0.0
22706	0.0
1820	0.0
15744	0.0
33149	0.0
19225	0.0
8782	0.0
5301	0.0
26187	0.0
12263	243.01621297575855
29668	0.0
3000	638.5204099450846
20405	0.0
27367	0.0
30848	0.0
6481	0.0
23886	327.76372464418085
16924	1434.4466692609253
13443	0.0
34329	0.0
9962	0.0
16039	0.0
5596	0.0
2115	0.0
12558	0.0
29963	0.0
33444	0.0
26482	0.0
19520	0.0
34270	0.0
13384	0.0
2941	0.0
16865	0.0
27308	0.0
23827	687.0
30789	0.0
20346	0.0
1879	43.39301654607432
29727	0.0
22765	0.0
5360	0.0
8841	0.0
15803	662.9513804593055
26246	0.0
33208	0.0
12322	0.0
1112	0.0
32441	0.0
25479	0.0
11555	0.0
8074	452.04119495229395
28960	0.0
15036	0.0
4593	0.20717498875393614
18517	0.0
24594	68.9357708690149
10670	0.0
227	0.0
31556	0.0
28075	0.0
7189	1.55993797835716
3708	0.0
21113	0.0
5832	0.0
2351	0.9505724172051039
33680	0.37246471362040334
19756	0.0
16275	0.0
23237	0.0
26718	0.0
9313	0.0
12794	0.0
30199	0.0
29137	0.0
1289	10476.23862437501
11732	230.384058242937
32618	114.59775739677332
4770	0.0
8251	0.0
15213	0.0
22175	0.0
25656	0.0
32323	0.0
994	143.83834711684037
11437	0.0
35804	0.0
14918	0.0
21880	0.0
25361	0.0
28842	0.0
7956	0.0
18399	0.0
32087	0.0
21644	0.0
758	0.0
4239	0.0
28606	0.0
25125	0.0
18163	0.0
7720	950.472953798487
11201	0.0
14682	0.20733518554414074
35568	0.0
9018	0.0
12499	0.0
33385	0.0
2056	0.0
5537	0.0
26423	0.0
22942	0.0
15980	0.0
29904	0.0
21349	0.0
3944	237.94881290751763
7425	751.3745862246229
35273	0.0
24830	0.0
463	1584.9148627410163
28311	0.0
10906	396.8847601752089
14387	0.0
17868	0.0
31792	0.0
27839	0.0
34801	0.0
6953	0.0
3472	0.0
20877	0.0
13915	0.0
10434	0.0
31320	0.0
17396	0.0
29845	0.0
22883	0.0
1997	5814.622712425648
19402	0.0
26364	0.0
5478	0.0
12440	0.0
8959	0.0
15921	0.0
3885	0.0
10847	0.0
17809	0.0
14328	0.0
35214	0.0
404	0.0
24771	0.0
31733	0.0
28252	0.0
7366	0.0
21290	0.0
32146	0.0
11260	0.0
35627	229.0
21703	0.0
817	0.0
25184	0.0
28665	0.0
14741	0.0
7779	0.0
4298	0.0
32500	0.0
29019	0.0
11614	990.1916191385582
1171	0.0
18576	0.0
25538	498.26884838871405
22057	0.0
8133	526.5107032457062
32028	0.0
11142	62.50818310138387
4180	0.0
699	2697.382255040708
7661	0.0
21585	0.0
25066	0.0
35509	0.0
14623	329.49187124862505
18104	0.0
23355	0.0
33798	0.0
9431	0.0
16393	0.0
30317	0.0
2469	0.0
12912	301.5304877172838
19874	0.0
5950	4.123150412555407
12676	0.0
30081	12.657368965760101
2233	0.0
23119	0.0
16157	1822.7429693407487
9195	485.12851954868694
19638	0.0
33562	0.0
19166	0.0
1761	0.0
29609	0.0
33090	0.0
15685	0.0
5242	0.0
8723	0.0
12204	0.0
22647	0.0
26128	0.0
11378	0.0
935	5137.35643148366
35745	0.0
14859	0.0
7897	0.0
4416	414.1194913476788
28783	0.0
25302	0.0
21821	0.0
18340	0.0
32264	0.0
8015	0.0
4534	0.0
11496	0.0
14977	0.0
28901	0.0
18458	0.0
32382	0.0
14446	0.0
28370	687.0
10965	0.0
4003	0.0
21408	0.0
522	0.0
24889	0.0
35332	0.0
7484	1664.805698837147
31851	0.0
17927	0.0
34034	0.0
27072	0.0
16629	0.0
30553	0.0
2705	68.53789547368024
9667	0.0
13148	210.3912182302842
20110	0.0
23591	0.0
6186	0.0
33975	0.0
6127	0.0
16570	230.7835546531294
20051	0.0
2646	0.0
30494	0.0
13089	0.0
23532	3.3025602873878888
28193	0.0
14269	0.0
31674	0.0
21231	0.0
7307	0.0
10788	0.0
345	135.7891560483273
17750	0.0
3826	229.0
24712	0.0
35155	0.0
6835	114.46659597171137
17278	0.0
13797	72.24689744230322
10316	0.0
27721	0.0
20759	0.0
3354	0.6138630147735618
31202	7588.794242673407
24240	0.0
16334	0.0
30258	0.0
2410	0.0
5891	1694.159330605567
23296	0.0
19815	0.0
26777	0.0
12853	0.0
24004	82.52813815694833
34447	0.0
10080	0.0
20523	0.0
30966	0.0
17042	0.5887762707441608
13561	0.0
3118	0.0
21054	0.0
24535	0.0
14092	0.0
28016	0.0
17573	72.33169268712092
3649	0.0
168	1020.108831722542
7130	0.0
10611	0.0
31497	0.0
34978	0.0
29255	0.0
8369	0.0
4888	0.0
25774	0.0
32736	0.0
1407	0.0
15331	0.0
11850	0.0
10552	562.4864091153867
7071	139.51965092437536
20995	0.0
31438	0.0
14033	2.4585904287872755
24476	0.0
109	229.0
3590	0.0
17514	0.0
34919	0.0
20641	0.0
17160	0.0
31084	0.0
10198	333.7698810792044
6717	0.0
27603	0.0
3236	13141.36535930732
13679	7.233369204293808
24122	0.0
18753	0.0
32677	0.0
25715	0.0
11791	0.0
22234	0.0
29196	0.0
1348	0.0
4829	0.0
8310	0.0
6068	126.81939949233741
23473	687.0
16511	0.0
9549	56.658935917512615
2587	0.0
33916	0.0
26954	0.0
30435	0.0
19992	0.0
16098	0.0
9136	959.3312358235548
19579	0.0
30022	0.0
26541	0.0
2174	2061.0
23060	0.0
12617	0.0
5655	0.0
33503	29.374273903866083
29078	0.0
11673	0.0
18635	0.0
32559	0.0
25597	0.0
1230	24.411548949744887
4711	0.0
15154	687.0
13738	0.0
10257	0.535745567431182
24181	1.0614770045357413
27662	919.5514406350521
17219	10.022701486792327
31143	0.0
6776	0.0
6245	0.0
9726	0.0
16688	0.0
30612	0.0
23650	1.0876613161660131
2764	0.0
34093	0.0
20169	0.0
11024	0.0
24948	138.10484278312128
28429	0.0
14505	0.0
17986	0.0
4062	359.75033192612034
21467	0.0
35391	0.0
31910	0.0
581	0.0
7543	0.0
16983	0.0
20464	0.8196905469961837
10021	89.42894690431092
27426	0.0
6540	0.0
34388	0.0
30907	0.0
13502	0.468194838486597
3059	882.1616583041182
23945	0.0
19933	0.0
6009	0.0
12971	0.0
16452	0.0
26895	458.0
30376	71.14125107352015
2528	0.0
23414	0.0
32913	0.0
8546	0.0
12027	87.8174640860527
22470	0.0
18989	0.0
25951	0.0
29432	0.0
1584	0.0
5065	0.0
15508	0.0
5124	0.0
22529	0.0
19048	0.0
29491	741.8877336389662
32972	0.0
12086	0.0
15567	0.0
26010	0.0
1643	175.9367447275763
14564	0.0
35450	0.0
25007	0.0
21526	0.0
31969	0.0
4121	680.3470704135631
640	229.0
25833	0.0
8428	0.0
29314	343.5
4947	0.0
22352	0.0
11909	0.0
32795	0.0
15390	0.0
1466	0.0
24653	0.0
10729	992.586863244741
14210	0.0
7248	429.2517953799444
21172	0.0
3767	0.0
31615	0.0
28134	0.0
286	704.1669487955512
17691	0.0
20582	0.0
27544	0.0
24063	0.0
10139	0.0
31025	0.0
6658	0.0
34506	0.0
3177	2528.3128592624657
17101	0.0
13620	0.0
3531	4511.515259144997
24417	0.0
10493	0.0
27898	0.0
7012	0.0
34860	0.0
31379	0.0
50	6634.63412817629
17455	0.0
20936	0.0
9785	0.0
6304	0.0
16747	0.0
20228	3.020507311369039
13266	0.0
23709	0.0
2823	329.4759710471927
34152	0.0
27190	0.0
30671	0.0
10375	0.0
31261	0.0
6894	0.0
17337	0.0
27780	0.0
3413	1338.7948823021377
34742	0.0
20818	0.0
24299	0.0
13856	0.0
29550	0.0
5183	0.0
33031	0.0
15626	0.0
19107	0.0
12145	0.0
1702	0.0
8664	0.0
26069	0.0
22588	0.0
29373	0.0
11968	0.0
32854	0.0
18930	0.0
15449	0.0
25892	0.0
5006	0.0
22411	0.0
1525	1.4012303140545233
