1207	0.0
18612	0.0
29055	0.0
11650	0.0
4688	0.5829762581599621
32536	0.0
22093	0.0
8169	0.0
25574	0.332111473429409
15131	0.0
34719	0.0
27757	0.0
6871	0.0
24276	0.0
3390	0.684689344998624
17314	0.0
31238	0.0
10352	0.0
20795	0.0
2092	0.0
12535	0.0
26459	0.0
16016	0.0
33421	0.0
19497	0.0
5573	0.0
22978	0.0
9054	629.4502784320493
29940	0.0
12240	7.840743859917815
1797	1.6001966694106213
5278	679.2599420845618
22683	0.0
15721	0.0
19202	0.0
8759	1273.0317081678454
33126	0.0
26164	0.0
24689	229.06302189582485
322	5.808117702602681
3803	2.8973598431950367
7284	294.01089760936895
10765	0.0
28170	0.0
35132	0.0
21208	0.0
31651	0.0
2269	0.0
30117	0.0
12712	0.0
19674	495.3204030262511
5750	0.0
9231	0.0
26636	0.0
23155	0.0
22152	0.0
18671	0.0
1266	0.0
29114	0.0
32595	0.0
4747	0.0
8228	0.0
25633	0.0
29232	0.0
32713	0.0
22270	0.0
1384	1038.8949432210838
8346	0.0
15308	0.0
18789	93.28733098581777
25751	0.0
11827	0.0
3213	0.0
10175	45.33663122773852
17137	0.0
34542	0.0
20618	0.0
27580	0.0
13656	299.10348748903834
31061	0.0
6694	400.2399657375054
24099	0.0
2800	0.0
27167	0.0
30648	0.0
23686	0.0
20205	22.575714703229302
6281	689.7091492775869
13243	229.0
16724	0.0
34129	0.0
9762	0.0
1148	0.0
32477	0.0
8110	0.0
22034	0.0
25515	0.0
11591	5.120562764674493
4629	0.0
28996	0.0
15072	0.0
18553	0.0
27875	0.0
27	366.02034921344165
3508	0.0
34837	0.0
20913	0.0
6989	0.0
10470	0.0
17432	0.0
13951	0.0
24394	0.0
31356	0.0
2210	5063.503669390849
30058	0.0
16134	0.0
19615	14.035554408127211
5691	0.0
23096	0.0
12653	378.7069394765153
3095	0.0
23981	0.0
13538	19.900563182918862
6576	0.0
17019	4911.239244185537
20500	0.0
10057	2111.1099809289144
30943	0.0
34424	0.0
29822	0.0
19379	0.0
1974	0.0
8936	0.0
15898	0.0
22860	0.0
5455	0.0
26341	0.0
12417	0.0
33303	0.0
20382	0.0
23863	0.0
34306	0.0
13420	284.63686358763346
9939	0.0
2977	0.0
30825	0.0
16901	0.0
24040	0.0
34483	0.0
31002	2.677847619608303
3154	3.696218076712853
20559	0.0
10116	0.5852162957964547
17078	0.0
35663	0.0
11296	0.0
853	0.0
25220	0.0
14777	0.0
28701	0.1800283367604959
21739	0.0
7815	0.9500271956999442
4334	180.33789680215148
18258	0.0
23627	0.0
34070	0.0
20146	0.0
6222	0.0
9703	0.0
30589	0.0
2741	713.7282192847382
13184	0.0
16665	0.0
12594	0.0
26518	0.0
5632	0.0
19556	0.0
29999	0.0
16075	0.0
35250	0.0
3921	0.0
440	0.0
31769	0.0
10883	0.0
24807	0.0
28288	0.0
7402	0.0
21326	0.0
33716	0.0
5868	0.0
2387	0.0
26754	0.0
16311	0.0
30235	0.0
12830	0.0
23273	0.0
19792	0.0
35545	0.0
32064	0.0
11178	162.66134823437972
4216	0.0
14659	0.0
735	0.0
21621	0.0
25102	0.0
18140	0.0
28583	0.0
26931	916.0
13007	0.0
33893	0.0
19969	19.82106764187071
2564	0.0
6045	0.0
23450	0.0
16488	0.0
30412	0.0
21031	0.0
27993	0.0
24512	0.0
145	0.0
34955	0.0
14069	0.0
31474	0.0
10588	0.0
7107	0.0
29881	0.0
19438	0.0
2033	6718.7830793274
22919	0.0
33362	0.0
15957	0.0
26400	0.0
12476	0.0
5514	0.0
8995	0.0
19851	19.53724310194449
12889	0.0
30294	0.0
2446	0.0
33775	0.0
5927	0.0
16370	0.0
9408	0.0
23332	0.0
15603	0.0
19084	0.0
22565	0.0
12122	0.0
5160	0.0
1679	0.0
29527	0.0
33008	0.0
8641	0.0
26046	0.0
9821	0.0
6340	0.0
34188	0.0
20264	0.0
13302	0.0
2859	0.0
23745	0.0
30707	0.0
16783	487.3517578234658
27226	0.0
21975	0.0
28937	0.0
25456	0.0
4570	22360.789889869833
18494	0.0
15013	229.0
1089	27.498314006200708
11532	0.0
32418	0.0
8051	0.0
14423	0.0
24866	0.0
7461	229.0
28347	0.0
35309	13.446282946737764
3980	0.0
499	473.4121544702221
21385	0.0
17904	0.0
31828	0.0
11886	0.0
18848	0.0
8405	0.0
4924	0.0
22329	0.0
15367	0.0
1443	0.21510693734249442
29291	0.0
32772	0.0
25810	222.85463057791318
11119	60.80073514224464
25043	0.0
28524	0.0
18081	0.0
676	3.4544603772108338
21562	0.0
14600	46.42067890440566
4157	0.0
35486	0.0
32005	0.0
17491	0.0
24453	0.0
14010	0.0
27934	0.0
34896	0.0
7048	0.0
86	6296.052067703955
20972	0.0
31415	0.0
3567	259.63566968366234
21267	0.0
7343	0.0
17786	0.0
31710	0.0
10824	0.0
381	18160.036852914065
24748	687.0
3862	0.0
35191	0.0
23568	0.0
6163	0.0
20087	0.0
34011	0.0
16606	0.0
30530	0.0
2682	0.0
13125	0.0
9644	11.285451949162267
19025	0.0
12063	0.0
29468	0.0
5101	0.0
1620	0.0
15544	0.0
8582	250.93488516039713
25987	0.0
6104	0.0
9585	0.9323529411764706
16547	0.0
2623	0.0
20028	0.0
23509	0.0
26990	0.0
13066	0.0
33952	0.0
30471	0.0
35427	0.0
18022	0.0
11060	0.0
21503	0.0
14541	0.0
4098	139.1620035292031
24984	0.0
617	0.0
31946	0.0
7579	0.0
32241	0.0
35722	0.0
21798	0.0
912	0.0
11355	0.0
7874	0.0
14836	0.0
25279	0.0
28760	0.0
4393	42.269921023038656
35073	0.0
28111	0.0
31592	0.0
7225	1442.1547619047599
263	7457.282404363021
24630	0.0
17668	0.0
10706	230.40226303801845
21149	0.0
14187	0.0
3744	0.0
23214	0.0
33657	0.0
26695	0.0
5809	0.0
2328	0.0
12771	82.12497382779974
16252	0.0
19733	0.0
30176	0.0
7992	0.0
32359	0.0
11473	0.0
18435	0.0
4511	0.0
21916	0.0
1030	0.0
28878	0.0
25397	0.0
8523	0.0
29409	0.0
5042	0.0
32890	0.0
12004	462.45461792391256
15485	0.0
25928	0.0
22447	0.0
1561	0.0
18966	0.0
10411	0.0
20854	0.0
17373	0.5887762707441608
34778	0.0
6930	0.0
13892	0.0
31297	0.0
27816	0.0
12948	0.0
30353	0.0
33834	0.0
26872	0.0
9467	763.3333333333351
16429	0.0
5986	138.31094992033076
2505	0.0
23391	0.0
19910	0.0
11001	0.0
14482	0.0
7520	458.0
31887	0.0
28406	0.0
24925	0.0
21444	0.0
4039	13033.483246020567
35368	0.0
558	7150.813311648074
17963	0.0
34601	0.0
10234	0.0
20677	0.0
6753	0.0
27639	0.0
13715	0.0
24158	0.0
17196	0.0
3272	1729.4131006118846
3685	894.7872496773766
10647	0.0
14128	0.0
7166	0.0
21090	0.0
24571	0.0
28052	343.0
204	6470.1926451686895
17609	0.0
35014	0.0
31533	229.0
16960	0.0
34365	0.0
20441	0.0
23922	0.0
9998	0.0
13479	63.83079199346873
27403	0.30371099495554066
6517	0.0
3036	0.0
30884	94.095372461743
25338	0.0
28819	229.65047315381435
11414	0.0
14895	0.0
32300	0.0
21857	0.0
4452	0.0
35781	0.0
18376	0.0
971	0.0
12299	2829.450543769613
33185	0.0
22742	0.0
15780	0.0
26223	3.6799635774596844
8818	1884.522606579644
19261	0.0
1856	0.0
24217	0.0
13774	0.0
10293	0.0
17255	0.0
34660	0.0
3331	0.0
27698	0.0
20736	0.0
18730	0.0
11768	0.0
29173	0.0
4806	0.0
25692	0.0
22211	0.0
8287	0.0
32654	0.0
1325	0.0
33244	0.0
22801	0.0
15839	0.0
12358	0.0
1915	10937.582840490419
5396	0.0
26282	0.0
19320	0.0
29763	0.0
21680	0.0
7756	178.93043841371284
4275	0.0
18199	0.0
14718	0.0
25161	0.0
35604	458.0
11237	0.0
28642	0.0
794	0.0
8464	0.0
22388	0.0
15426	0.0
18907	0.0
25869	0.0
4983	0.0
11945	0.0
1502	0.0
13361	0.0
27285	0.0
30766	0.0
20323	0.0
9880	0.0
16842	4.459053842749495
6399	0.0
34247	0.0
23804	315.7253672193676
2918	0.0
8700	0.0
15662	0.0
26105	0.0
33067	0.0
29586	0.0
1738	0.0
22624	0.0
