3459	0.0
13902	461.71530531199795
31307	0.0
6940	0.0
34788	0.0
24345	0.0
20864	0.0
17383	0.0
10421	0.0
27826	0.0
1453	2310.756039963086
22339	0.0
18858	0.0
29301	0.0
11896	0.0
32782	0.0
15377	0.0
4934	264.77686472407015
8415	0.0
34729	0.0
3400	989.0601941018268
20805	0.0
17324	0.5887762707441608
6881	0.0
27767	0.0
31248	0.0
13843	0.0
10362	0.0
17029	0.0
30953	0.0
3105	823.5676551741095
6586	0.0
10067	0.0
27472	0.0
23991	0.0
13548	0.0
34434	4.727328416484826
10952	0.0
509	0.0
3990	281.83610793523
21395	0.0
24876	0.0
7471	0.0
35319	0.0
28357	0.0
31838	0.0
17914	0.0
28239	0.0
391	76614.64940842125
7353	910.0023809523842
24758	0.0
21277	0.0
14315	0.0
3872	0.0
17796	0.0
10834	42.785120293734565
31720	0.0
1571	0.0
8533	0.0
25938	0.0
18976	0.0
5052	0.0
15495	0.0
32900	0.0
29419	0.0
12014	0.0
96	877.8526483611981
7058	81.0453367142261
31425	0.0
24463	0.0
10539	0.0
17501	0.0
27944	0.0
14020	0.0
20982	0.0
3577	0.0
33667	0.37246471362040334
16262	0.0
2338	0.0
12781	0.0
9300	307.6764959207224
26705	0.0
19743	57.72496536852833
23224	0.0
5819	0.0
30186	345.8376914513178
9772	0.0
2810	1255.9579364725455
13253	0.0
27177	0.0
23696	1.0876613161660131
34139	0.0
20215	0.0
30658	10.877560427848422
16734	0.0
6291	0.0
23460	0.0
33903	0.0
9536	0.0
6055	23.136820643897295
16498	0.0
30422	0.0
13017	0.0
26941	0.0
568	0.0
7530	0.0
21454	0.0
31897	0.0
11011	0.0
14492	26.36620978716156
35378	0.0
17973	0.0
4049	0.0
24935	0.0
15849	0.0
1925	0.0
26292	0.0
12368	0.0
29773	0.0
5406	0.0
33254	0.0
19330	0.0
8887	229.0
22811	0.0
25171	0.0
35614	0.0
14728	0.0
21690	0.0
28652	0.0
804	0.0
4285	0.0
11247	0.0
32133	0.0
7766	27.935922956666296
18209	0.0
31602	0.0
21159	0.0
3754	0.0
35083	0.0
17678	0.0
7235	0.0
273	311.7456338248898
28121	0.0
24640	0.0
10716	1.5780932497932991
12309	88.92794529499548
15790	0.0
19271	1310.3993080541886
8828	0.0
1866	322.17100671765417
22752	0.0
29714	0.0
5347	0.0
26233	0.0
29183	0.0
18740	0.0
15259	0.0
22221	0.0
1335	0.0
4816	0.0
25702	0.0
11778	0.0
5583	0.0
22988	0.0
26469	0.0
16026	0.0
19507	0.0
33431	0.0
12545	0.0
9064	0.0
29950	0.0
34257	0.0
2928	0.0
13371	0.0
6409	0.0
16852	0.0
23814	0.0
20333	0.0
30776	0.0
9890	9.73383624651703
12604	0.0
9123	32.26434592862496
5642	0.0
2161	2748.0
19566	7.669024453097981
23047	0.0
16085	0.0
33490	0.0
5760	0.0
12722	0.0
2279	0.0
19684	0.0
26646	0.0
16203	1743.158426379487
30127	0.0
23165	710.7617763080112
33608	0.0
32723	0.0
8356	0.0
11837	0.0
18799	0.0
4875	0.0
29242	0.0
1394	15.227508666746507
25761	0.0
34021	0.0
16616	0.0
6173	0.0
27059	0.0
2692	71058.90902867945
20097	2.6717331690636814
30540	0.0
9654	339.99912602457806
14551	0.0
21513	0.0
28475	0.0
18032	0.0
11070	0.0
24994	0.0
627	0.0
4108	0.0
35437	0.0
34316	0.0
27354	0.0
13430	232.23658384541804
30835	83.42223051354804
6468	0.0
2987	0.0
9949	0.0
20392	0.017543859649122806
23873	76.33333333333333
20746	0.0
13784	0.0
10303	0.0
34670	0.0
24227	0.0
31189	0.0
3341	3892.365520473466
6822	0.0
17265	0.0
27708	0.0
32428	0.0
18504	0.0
25466	0.2932898066099281
1099	0.0
8061	0.0
11542	0.0
15023	0.0
4580	0.0
28947	0.0
9595	0.0
30481	0.0
20038	2.7131492297267714
2633	0.0
16557	0.0
13076	0.0
33962	0.0
27000	0.0
6114	3.467368238971987
23519	0.0
13312	572.5
16793	0.06077001370173067
6350	0.0
30717	0.0
20274	0.0
23755	0.0
27236	232.70482195179807
2869	0.0
34198	0.0
15908	0.0
26351	0.0
8946	393.60129181759856
33313	0.0
12427	0.0
22870	0.0
5465	0.0
1984	0.0
29832	0.5543537223194597
35260	0.0
31779	0.0
28298	2.2532805953745796
24817	0.0
21336	0.0
17855	0.0
450	0.0
7412	445.32263187744087
3931	10941.982882353166
10893	0.0
11188	134.44725590590014
14669	139.78807173674792
25112	0.0
35555	0.0
21631	0.0
745	0.0
7707	0.0
28593	0.0
4226	1454.600203657007
18150	0.0
12132	0.0
5170	0.0
8651	0.0
22575	229.0
15613	0.0
26056	0.0
1689	63.70639305660208
19094	0.0
29537	0.0
31366	0.0
13961	0.0
3518	4.154504050770518
17442	3.352186328417959
27885	228.0
37	0.0
24404	458.0
34847	0.0
20923	0.0
6999	0.0
10480	0.0
14905	135.35582556178082
11424	280.8158684846283
4462	78.28172139806195
25348	0.0
32310	0.0
35791	0.0
28829	0.0
981	340.69538850645966
21867	0.0
7825	0.0
11306	655.121064028936
25230	0.0
32192	0.0
14787	0.0
4344	11645.07516752887
863	0.0
35673	0.0
21749	0.0
28711	1380.3091807755773
30363	0.0
12958	0.0
33844	0.0
16439	0.0
26882	0.0
2515	0.0
23401	0.0
19920	0.0
5996	0.0
9477	0.0
29006	0.0
11601	0.0
25525	0.0
1158	39.49254923211071
4639	0.0
18563	0.0
8120	0.0
29891	0.0
5524	0.0
22929	0.0
26410	0.0
19448	0.0
2043	0.0
12486	0.0
9005	0.0
15967	231.0
33372	0.0
29065	0.0
22103	0.0
8179	0.0
25584	0.0
32546	0.0
11660	0.0
15141	0.0
1217	0.0
18622	0.0
4698	0.0
26587	0.0
16144	62.77862950430468
30068	0.0
33549	0.0
12663	0.0
5701	0.0
23106	1867.2206963418641
9182	0.0
19625	0.0
6527	0.0
34375	0.0
20451	0.0
23932	0.0
13489	0.0
3046	12.768724162258218
10008	0.0
16970	0.0
30894	0.0
12191	0.0
19153	0.0
5229	0.0
33077	1374.0
22634	0.0
8710	0.0
29596	0.0
1748	0.0
15672	0.0
22693	0.0
26174	0.0
8769	0.0
29655	0.0
33136	0.0
1807	1536.724797980081
5288	0.0
19212	0.0
12250	0.0
35142	0.0
21218	0.0
17737	0.0
31661	0.0
7294	345.9043002747418
10775	0.0
3813	467.6996671954545
28180	0.0
332	0.0
14256	0.0
18327	0.0
35732	0.0
11365	0.0
21808	0.0
32251	0.0
14846	0.0
4403	0.0
25289	0.0
7884	0.0
922	0.0
14964	0.0
11483	0.0
18445	0.0
21926	0.0
4521	0.0
25407	0.0
1040	0.0
8002	71.60390802675502
32369	0.0
28888	0.0
25997	0.0
12073	0.0
15554	0.0
5111	0.0
19035	0.0
29478	0.0
1630	739.3591082935587
18681	0.0
25643	0.0
8238	0.0
22162	0.0
11719	0.0
4757	0.0
1276	907.0535244415167
32605	0.0
13725	0.0
10244	0.0
34611	0.0
17206	0.0
24168	0.0
6763	0.0
31130	0.0
27649	0.0
3282	0.0
6704	0.0
24109	0.0
34552	0.0
10185	63.966291367027885
27590	0.0
13666	0.0
17147	7.3017631404934225
3223	0.0
20628	0.0
9418	232.26702843290792
16380	0.0
26823	0.0
12899	0.0
5937	1974.4585627731879
23342	0.0
19861	0.0
33785	0.0
30304	0.0
2456	41561.96332403196
17619	0.0
3695	0.0
7176	0.7741950719393093
10657	0.0
31543	0.0
21100	0.0
28062	0.0
214	205029.58607628156
24581	0.0
14138	0.0
34493	0.0
27531	17.72188699274099
10126	0.0
13607	0.0
20569	0.0
6645	0.0
17088	229.0
31012	0.0
24050	0.0
3164	0.0
23637	916.0
27118	0.0
20156	0.0
13194	0.0
6232	221.2225655682346
16675	0.0
9713	364.44017036331326
2751	41.56785823316945
34080	0.0
30599	0.0
35496	0.0
25053	0.0
4167	0.0
32015	0.0
7648	1477.183087213593
28534	0.0
21572	0.0
14610	351.1197945202788
686	0.0
11129	0.0
32841	229.0
22398	0.0
18917	0.0
11955	0.0
25879	0.0
29360	0.0
1512	3.554998243411002
8474	0.0
23283	0.0
26764	0.0
19802	0.0
33726	0.0
5878	37.28341438843242
30245	0.0
16321	0.0
12840	0.0
2397	0.0
28003	0.0
3636	0.0
7117	4759.866666666667
21041	0.0
10598	0.0
14079	0.0
31484	0.0
17560	229.0
24522	0.0
155	1115.045656733795
