20721	572.5
27683	0.0
6797	1619.9158359010978
3316	0.0
10278	0.0
17240	0.0
34645	0.0
31164	0.0
24202	0.0
13759	0.0
2962	0.0
6443	0.0
16886	0.5887762707441608
23848	0.0
13405	0.0
30810	0.0
20367	0.0
34291	0.0
9924	0.0
27329	458.0
31341	0.0
12	1374.0
24379	229.0
27860	0.0
20898	0.0
10455	0.0
3493	2.8394759610992497
13936	0.0
34822	0.0
17417	0.0
956	0.0
7918	0.0
28804	0.0
21842	0.0
32285	0.0
14880	587.3299540619972
18361	0.0
25323	0.0
4437	3049.6377827984925
5086	0.0
1605	0.0
22491	0.0
29453	0.0
12048	472.2539513754495
25972	0.0
8567	0.0
32934	177.40082856434938
15529	0.0
19010	0.0
28686	10.712578921179372
838	0.0
35648	0.0
25205	0.0
11281	0.0
4319	2645.5416429411666
18243	0.0
7800	0.0
21724	0.0
32167	0.0
16414	79.06967946293372
12933	0.0
23376	0.0
5971	2450.081394538002
9452	0.0
33819	0.0
19895	0.0
30338	0.0
602	939.1023856873111
24969	0.0
7564	0.0
31931	0.0
4083	0.0
35412	0.0
21488	0.0
14526	80.9821413435669
11045	18.631179558716614
1782	555.4354967802358
12225	0.0
8744	0.0
22668	0.0
26149	0.0
33111	0.0
5263	0.0
19187	687.0
8036	0.0
4555	24.621556520149422
21960	0.0
1074	471.1499498112781
32403	0.0
28922	0.0
11517	0.0
25441	0.0
14998	0.0
24615	0.0
248	50953.194909208265
17653	0.0
7210	0.0
3729	15.553549778257933
21134	0.0
28096	0.0
14172	0.0
31577	0.0
35058	0.0
10691	0.0
26739	0.0
9334	142.5533152096495
2372	0.0
19777	0.0
12815	396.66180193877625
30220	0.0
33701	0.0
5853	0.0
16296	0.0
23258	0.0
130	3.8370916934589427
27978	0.0
7092	0.0
14054	0.0
3611	1.6698708575503305
24497	0.0
17535	0.0
21016	0.0
10573	1172.9640067199327
34940	0.0
26975	0.0
30456	0.0
23494	0.0
9570	784.6716681214531
16532	0.0
33937	0.0
6089	7.0265192690403815
20013	0.0
7682	0.0
35530	0.0
25087	0.0
21606	0.0
720	0.0
11163	270.5301601079393
4201	0.0
32049	0.0
28568	0.0
14644	0.0
22963	0.0
2077	483.56988963540357
33406	0.0
5558	0.0
16001	0.0
12520	273.6130416452738
29925	0.0
9039	0.0
26444	0.0
19482	0.0
16591	0.0
9629	1.140006680729804
2667	0.0
6148	535.7335592703333
13110	0.0
23553	0.0
20072	0.0
33996	229.0
30515	0.0
27034	0.0
30692	0.0
27211	0.0
34173	0.0
6325	26.774793775249236
2844	0.0
16768	0.0
23730	0.0
9806	825.4251792793705
13287	0.0
20249	0.0
20131	0.0
2726	0.0
16650	458.0
23612	49.101787589678516
9688	12.86551460061706
27093	0.0
13169	0.0
34055	0.0
6207	0.0
5381	0.0
19305	0.0
29748	0.0
1900	4.34176485416336
22786	0.0
8862	0.0
12343	0.0
26267	0.0
33229	45.759573108999305
15824	0.0
19364	0.0
29807	0.0
12402	0.0
1959	0.0
22845	0.0
5440	0.0
15883	0.0
33288	0.0
26326	0.0
8921	0.0
9865	0.0
34232	0.0
2903	0.0
30751	0.0
23789	0.0
16827	25.99696347703215
27270	0.0
13346	0.0
20308	0.0
6384	0.0
3788	0.0
28155	0.0
307	0.0
7269	279.35561686690926
24674	0.0
35117	0.0
10750	0.0
21193	0.0
31636	0.0
17712	0.0
20426	0.0
9983	229.0
34350	0.0
3021	0.0
23907	0.0
30869	0.0
16945	694.8905394112376
6502	0.0
27388	0.0
13464	0.0
23081	0.8317639673571877
9157	221.81818967961635
26562	0.0
16119	0.0
19600	0.0
2195	0.0
12638	0.0
30043	0.0
26621	0.0
2254	1265.9436910033269
5735	0.0
30102	279.8192853509206
33583	0.0
9216	0.0
19659	0.0
16178	0.0
23140	0.0
12697	0.0
32226	0.0
7859	0.0
4378	163.73023735661857
25264	0.0
897	0.0
21783	0.0
18302	0.0
35707	0.0
28745	0.0
14821	0.0
11340	0.0
34468	0.0
6620	0.0
13582	0.0
24025	0.0
30987	0.0
10101	3.583941832615798
3139	477.5001307192707
20544	0.0
17063	0.0
27506	229.0
11812	0.0
32698	0.0
25736	0.0
1369	1752.5278434612605
15293	1561.5093719181991
18774	0.786568881219442
4850	0.0
22255	0.0
29217	0.0
21901	0.0
25382	229.0
11458	9.11888111888112
18420	0.0
1015	64.35793772419248
4496	0.0
28863	0.0
32639	0.0
8272	0.0
1310	148.76048809100485
18715	0.0
22196	0.0
11753	0.0
15234	1.7554125786072716
29158	0.0
25677	0.0
28037	2290.0
3670	0.0
31518	0.0
21075	0.0
34999	0.0
189	152.4149536655728
24556	0.0
14113	0.0
10632	470.92502555226247
34881	0.0
3552	0.027913179435298446
24438	0.0
27919	0.0
13995	0.0
31400	1603.0
71	425.4143541304719
20957	0.0
7033	0.0
17476	0.0
20190	149.06551013601756
13228	2185.9420041664544
9747	0.0
27152	114.5
34114	0.0
2785	0.0
6266	0.0
30633	0.0
16709	0.0
31813	0.0
3965	0.0
21370	0.0
28332	0.0
24851	0.0
10927	0.0
484	0.0
7446	2783.257313338922
17889	0.0
35294	0.0
14408	0.0
10868	0.0
21311	0.0
24792	0.0
14349	0.0
17830	0.0
3906	567.7771456048343
425	19354.986031015495
31754	0.0
7387	0.0
28273	1147.5539345850345
35235	0.0
24910	0.0
14467	0.0
35353	0.0
7505	687.0
4024	2.1200036392679213
28391	0.0
21429	0.0
10986	0.0
543	2591.0931906084256
17948	0.0
31872	0.0
20780	0.0
17299	0.0
34704	0.0
13818	0.0
10337	1478.033810872731
3375	7.493280444140657
27742	0.0
31223	0.0
24261	0.0
6856	0.0
11930	0.5583904779867979
8449	0.0
18892	0.0
25854	0.0
29335	0.0
1487	0.0
22373	0.0
15411	0.0
32816	0.0
29512	0.0
15588	0.0
8626	0.0
5145	0.0
12107	0.0
32993	0.0
19069	59.679068286081225
1664	0.0
26031	0.0
22550	0.0
15352	0.0
29276	0.0
32757	0.0
22314	0.0
25795	0.0
18833	0.0
8390	0.0
1428	1939.7684943375366
4909	0.0
31990	0.0
18066	0.0
7623	0.0
11104	57226.6388843161
4142	0.0
25028	0.0
21547	0.0
661	35.168741556542955
14585	0.3981990458244601
26385	0.0
19423	0.0
8980	0.0
5499	0.0
15942	0.0
29866	0.0
12461	0.0
2018	0.0
35176	0.0
3847	32.00406155832402
10809	0.0
17771	0.0
28214	0.0
21252	0.0
7328	0.0
366	0.0
20603	0.0
31046	0.0
6679	2.9134071341060253
10160	0.0
34527	0.0
27565	0.0
13641	0.0
3198	0.0
24084	0.0
17122	0.0
19836	72.1777799697147
30279	0.0
23317	0.0
26798	2.17620651625598
16355	0.0
5912	0.0
33760	0.0
12874	0.0
2431	0.0
9393	0.0
4673	229.0
32521	0.0
22078	0.0
25559	0.0
15116	0.0
18597	0.0
8154	0.0
1192	257.46770473112963
29040	0.0
25913	65.44536644561909
8508	0.0
5027	0.0
11989	0.0
18951	0.0
29394	801.5
1546	1091.3014724173277
4260	0.0
7741	0.0
21665	0.0
25146	0.0
11222	0.0
28627	0.0
18184	0.0
779	0.0
32108	0.0
14703	0.0
8095	0.0
15057	14.242295519872817
32462	0.0
22019	0.0
11576	3.0555227129920377
18538	0.0
28981	0.16173461519276103
4614	0.0
1133	0.0
25500	0.0
4732	0.0
11694	0.0
8213	0.0
32580	0.0
25618	0.0
1251	1110.8040724883874
18656	0.0
9511	234.7526766955697
30397	5.475087961249661
33878	0.0
23435	3.0359477953381724
6030	1866.4561868216367
16473	0.0
12992	0.0
2549	0.0
26916	0.0
9275	0.0
16237	0.0
26680	0.0
12756	0.0
30161	0.0
33642	0.0
23199	0.0
5794	0.0
19718	0.0
2313	0.0
5617	0.0
26503	0.0
33465	0.0
29984	0.0
19541	0.0
2136	408.04816424035243
16060	0.0
9098	0.0
24143	0.0
6738	0.0
34586	0.0
3257	231.23777376221824
20662	0.0
17181	0.0
8685	0.0
22609	0.0
29571	0.0
15647	230.22739507301793
19128	0.0
5204	21302.86729519741
12166	0.0
33052	0.0
26090	0.0
1723	0.0
24320	0.0
13877	400.38164351182195
20839	0.0
6915	266.2934819156504
31282	256.9797948817488
17358	0.0
10396	0.0
34763	0.0
27801	406.54568818109937
8803	0.0
22727	0.0
33170	0.0
12284	0.0
29689	0.0
26208	0.0
15765	0.0
19246	0.0
5322	0.0
23966	0.0
30928	0.0
20485	384.6075055345355
27447	0.0
13523	0.6254084157367917
34409	0.0
10042	0.0
17004	458.5887762707441
3080	0.0
