35780	0.0
970	0.0
28818	229.0
14894	0.0
21856	0.0
4451	0.0
25337	7.151393096907234
32299	0.0
11413	229.0
18375	0.0
557	0.0
11000	0.0
4038	64.94691545036952
14481	0.0
28405	0.0
35367	0.0
31886	0.0
24924	255.9579520606925
21443	0.0
6575	0.0
30942	0.0
13537	639.3827354159878
17018	0.0
27461	0.0
20499	0.0
34423	0.0
23980	0.0
10056	556.2225668800963
30234	0.0
19791	26.02705659547987
26753	0.0
16310	0.0
33715	229.0
12829	0.0
23272	0.0
9348	0.0
2740	4629.0306328235565
20145	0.0
27107	0.0
13183	888.7592703971793
6221	0.0
9702	568.3246302537481
16664	0.0
34069	229.0
30588	0.0
23685	0.0
2799	0.0
27166	0.0
30647	0.0
9761	0.0
6280	80096.33312291378
34128	0.0
20204	0.0
19968	0.0
2563	0.0
33892	0.0
16487	0.0
23449	0.0
13006	1624.8317358470647
6044	7.478021815460338
30411	0.0
26930	0.0
6929	0.0
13891	0.0
24334	0.0
31296	0.0
10410	0.0
34777	0.0
27815	0.0
20853	0.0
11472	0.0
1029	56.69011115496177
25396	0.0
4510	0.0
14953	0.0
32358	0.0
7991	0.0
28877	0.0
21915	0.0
16546	0.0
30470	0.0
9584	0.0
2622	0.0
26989	0.0
6103	0.0
13065	0.0
33951	0.0
20027	0.0
23508	0.0
11177	0.0
18139	0.0
734	3.4544603772108338
21620	0.0
4215	0.0
32063	0.0
28582	0.0
35544	0.0
25101	0.0
14658	0.0
439	0.0
35249	229.0
10882	0.0
28287	0.0
31768	0.0
14363	0.0
17844	0.0
3920	611.8838836501415
24806	0.0
21325	0.0
7401	0.0
31001	0.0
6634	0.0
24039	0.0
10115	904.6605591316838
3153	37.3469721746091
17077	0.0
20558	0.0
34482	46.92464972175323
13714	0.0
20676	0.0
3271	0.8730757884564976
31119	0.0
24157	0.0
10233	0.0
17195	0.0
27638	0.0
34600	0.0
10469	0.0
20912	0.0
26	12.115758005258138
6988	0.0
17431	0.5887762707441608
24393	0.0
27874	458.0
13950	0.0
14186	0.0
21148	0.0
31591	0.0
28110	0.0
262	0.0
10705	0.0
17667	0.0
7224	13.16056620839665
35072	0.0
24629	0.0
3743	2.2002730417144623
22092	0.0
29054	0.0
32535	0.0
4687	175.22994056156833
18611	0.0
11649	333.1552025943865
1206	0.0
25573	0.0
8581	0.0
1619	0.0
29467	0.0
25986	0.0
19024	0.0
15543	0.0
29998	0.0
23036	0.0
5631	184.3900041953181
26517	0.0
19555	0.0
16074	229.0
33479	0.0
12298	471.11227282857783
33184	0.0
15779	0.0
1855	0.0
5336	0.0
22741	0.0
26222	0.0
8817	0.0
19260	0.0
8522	0.0
29408	0.0
22446	0.0
1560	0.0
5041	229.0
25927	0.0
18965	0.0
32889	0.0
12003	0.0
15484	0.0
19083	0.0
15602	0.0
1678	1397.9748241064428
5159	0.0
33007	0.0
29526	0.0
12121	0.0
26045	0.0
22564	0.0
8640	0.0
20086	23.666550909348963
23567	0.0
2681	0.0
27048	0.0
6162	0.0
13124	51.817456228051974
34010	0.0
30529	0.0
9643	0.0
11944	0.0
18906	0.0
15425	0.0
1501	572.5
25868	0.0
22387	0.0
4982	356.3021146855671
8463	0.0
32830	0.0
30765	0.0
34246	0.0
27284	0.0
2917	0.0
6398	0.0
16841	0.0
13360	0.0
9879	0.0
20322	0.0
25632	0.0
4746	1374.0
32594	0.0
11708	0.0
1265	10.162258072179794
29113	0.0
18670	0.0
8227	0.0
15189	0.0
22151	0.0
31709	0.0
7342	0.0
28228	175.33684547154277
380	0.0
17785	0.0
3861	733.89368575398
14304	0.0
10823	0.0
21266	0.0
24747	0.0
35190	1.66068574388931
18316	0.0
32240	0.0
911	558.0065178470838
21797	0.0
35721	0.0
28759	0.0
14835	110.48202514749433
7873	0.0
11354	0.0
25278	687.0
4392	248.10103590532518
11885	0.0
32771	0.0
1442	3436.5837547451692
22328	0.0
29290	0.0
25809	0.0
15366	0.0
4923	687.0
9466	0.0
16428	0.0
26871	0.0
30352	0.0
12947	0.0
5985	0.0
33833	0.0
2504	0.0
19909	0.0
23390	0.0
23331	0.0
30293	0.0
12888	0.0
5926	101.31610681515868
19850	2956.632296072423
2445	0.0
33774	0.0
9407	297.204031461715
16369	0.0
14068	0.0
7106	0.0
17549	0.5887762707441608
21030	0.0
3625	18.146036583513386
27992	0.0
144	0.0
24511	0.0
31473	0.0
10587	2079.5079370343697
25219	0.0
14776	0.0
4333	567.8507687363469
11295	0.0
28700	0.0
32181	0.0
7814	0.0
35662	0.0
21738	0.0
22210	0.0
8286	2.463319262904791
1324	0.0
4805	26.749356931005394
32653	0.0
25691	0.0
11767	0.0
29172	0.0
18729	0.0
3566	0.0
7047	0.0
31414	629.75
10528	0.0
20971	0.0
14009	0.0
85	0.0
27933	0.0
17490	0.0
19673	0.0
23154	0.0
12711	19.262753020665475
9230	0.0
26635	0.0
30116	0.0
2268	240.7524909495962
33597	0.0
5749	76.33333333333333
24865	0.0
3979	0.0
498	0.0
31827	0.0
7460	282.77704830965183
17903	0.0
35308	0.0
14422	0.0
21384	0.0
18493	0.0
4569	0.09636803874092009
15012	0.0
25455	0.1763106174870881
1088	0.0
21974	0.0
11531	0.0
8050	0.0
32417	0.0
5277	0.0
26163	0.0
15720	0.0
33125	0.0
12239	40.55934031083012
22682	0.0
8758	0.06548838797814208
1796	503.53433866714687
19201	0.0
17313	432.0755301987847
6870	0.0
27756	0.0
31237	0.0
24275	0.0
10351	17.84382290122519
34718	0.0
3389	7.3265918148778875
20794	0.0
16959	0.0
6516	0.0
30883	0.0
27402	0.0
9997	0.0
23921	0.0
3035	341.10771103771253
34364	0.0
13478	0.0
32712	0.0
29231	0.0
8345	0.0
22269	0.0
15307	0.0
11826	5.851756228807313
1383	0.6078092526125757
4864	0.0
18788	0.0
25750	0.0
34541	0.0
10174	1112.850975252385
27579	0.0
13655	2735.7977812096583
3212	5334.192039917497
20617	0.0
17136	0.0
6693	0.0
24098	0.0
6339	0.0
16782	0.0
13301	229.0
34187	0.0
9820	491.03535357165276
20263	0.0
2858	0.0
30706	0.0
27225	0.0
23744	0.0
4097	0.0
11059	0.0
7578	0.0
14540	0.0
35426	0.0
616	0.0
21502	0.0
31945	0.0
24983	0.0
10646	0.0
21089	0.0
31532	0.0
14127	0.0
17608	0.0
35013	0.0
28051	0.0
24570	0.0
203	1003.4426085551767
3684	12.57147947566043
7165	0.0
29880	0.0
26399	0.0
2032	814.3475925301765
33361	460.30067362719194
8994	0.0
12475	0.0
15956	0.0
22918	0.0
9289	0.0
26694	0.0
23213	0.0
5808	0.0
12770	0.0
33656	0.37246471362040334
30175	0.0
16251	0.0
30824	0.0
6457	0.0
27343	0.0
13419	1584.4333503204232
9938	0.0
20381	0.0
34305	0.0
23862	0.0
2976	105.23918620174197
16900	229.0
5690	0.0
16133	0.0
30057	0.0
19614	0.0
12652	0.0
33538	0.0
2209	187.89764346156855
3802	0.0
28169	0.0
24688	251.81798968199433
21207	0.0
35131	0.0
31650	0.0
7283	0.0
10764	0.0
321	0.0
14245	0.0
8699	0.0
22623	0.0
29585	0.0
19142	0.0
26104	1164.0833333333344
15661	0.0
12180	0.0
1737	0.0
32004	0.0
21561	0.0
25042	0.0
14599	0.0
11118	572.6883655932879
4156	286.2334523175074
675	0.0
12534	0.0
29939	0.0
33420	0.0
22977	0.0
16015	236.9325435620168
5572	0.0
19496	112.75961622260358
9053	0.0
2091	534.333333333332
26458	0.0
27697	0.0
13773	138.54784033431756
17254	0.0
31178	0.0
34659	0.0
10292	0.0
20735	0.0
24216	0.0
3330	0.0
29821	0.0
26340	0.0
15897	0.0
8935	229.0
12416	0.0
33302	0.0
19378	0.0
5454	0.0
1973	411.56519344886715
11590	0.0
25514	0.0
32476	0.0
22033	0.0
18552	0.0
28995	0.0
15071	0.0
1147	458.84803792165417
8109	0.0
4274	0.0
28641	0.0
25160	0.0
7755	419.8333333333322
11236	0.0
35603	0.0
18198	0.0
14717	0.0
793	228.0
21679	0.0
19319	0.0
5395	687.0
22800	0.0
8876	0.0
29762	0.0
15838	0.0
33243	0.0
26281	0.0
1914	0.0
12357	4.1145756152385875
